/*--------------------------------*- C++ -*----------------------------------*\
| =========                 |                                                 |
| \\      /  F ield         | OpenFOAM: The Open Source CFD Toolbox           |
|  \\    /   O peration     | Version:  3.0.1                                 |
|   \\  /    A nd           | Web:      www.OpenFOAM.org                      |
|    \\/     M anipulation  |                                                 |
\*---------------------------------------------------------------------------*/
FoamFile
{
    version     2.0;
    format      ascii;
    class       labelList;
    note        "nPoints:10466  nCells:5908  nFaces:21767  nInternalFaces:17324";
    location    "constant/polyMesh";
    object      neighbour;
}
// * * * * * * * * * * * * * * * * * * * * * * * * * * * * * * * * * * * * * //


17324
(
1
4
56
4600
2
5
57
2340
2342
2344
4601
2339
2340
2342
5453
705
2339
2346
2347
2350
4792
5
8
60
6
9
61
2354
2356
2358
2340
2353
2354
2356
709
892
2353
2360
2361
2364
9
12
64
10
13
65
2368
2370
2372
2354
2367
2368
2370
713
899
2367
2374
2375
2378
13
16
68
14
17
69
2382
2384
2386
2368
2381
2382
2384
717
906
2381
2388
2389
2392
17
20
72
18
21
73
2396
2398
2400
2382
2395
2396
2398
721
913
2395
2402
2403
2406
21
24
76
22
25
77
2410
2412
2414
2396
2409
2410
2412
725
920
2409
2416
2417
2420
25
28
80
26
29
81
2424
2426
2428
2410
2423
2424
2426
729
927
2423
2430
2431
2434
29
32
84
30
33
85
2438
2440
2442
2424
2437
2438
2440
733
934
2437
2444
2445
2448
33
36
88
34
37
89
2452
2454
2456
2438
2451
2452
2454
737
941
2451
2458
2459
2462
37
40
92
38
41
93
2466
2468
2470
2452
2465
2466
2468
741
948
2465
2472
2473
2476
41
44
96
42
45
97
2480
2482
2484
2466
2479
2480
2482
745
955
2479
2486
2487
2490
45
48
100
1503
1506
1507
46
49
101
1510
1513
1514
2494
2496
2498
2480
2493
2494
2496
749
962
2493
2500
2501
2504
1503
1506
4468
4470
4472
4473
1503
1510
1513
4482
4484
4486
4487
1510
1517
1520
2494
4496
4498
4500
4501
753
969
1517
2507
2508
2511
757
1504
1524
1525
2991
2992
2993
4509
4510
4511
4512
759
982
1511
1527
1528
2997
2998
2999
4517
4518
4519
4520
761
985
1518
1530
1531
3003
3004
3005
4525
4526
4527
4528
763
976
988
1533
1534
3009
3010
3011
4533
4534
4535
4536
57
60
112
1536
1537
1538
4612
58
61
113
998
999
1000
4613
59
62
114
2342
2343
2344
2345
4614
63
115
894
895
896
897
4615
61
64
116
1005
1006
1007
62
65
117
1012
1013
1014
63
66
118
2356
2357
2358
2359
67
119
901
902
903
904
65
68
120
66
69
121
67
70
122
2370
2371
2372
2373
71
123
908
909
910
911
69
72
124
70
73
125
71
74
126
2384
2385
2386
2387
75
127
915
916
917
918
73
76
128
74
77
129
75
78
130
2398
2399
2400
2401
79
131
922
923
924
925
77
80
132
78
81
133
79
82
134
2412
2413
2414
2415
83
135
929
930
931
932
81
84
136
82
85
137
83
86
138
2426
2427
2428
2429
87
139
936
937
938
939
85
88
140
86
89
141
87
90
142
2440
2441
2442
2443
91
143
943
944
945
946
89
92
144
90
93
145
91
94
146
2454
2455
2456
2457
95
147
950
951
952
953
93
96
148
94
97
149
95
98
150
2468
2469
2470
2471
99
151
957
958
959
960
97
100
152
98
101
153
99
102
154
2482
2483
2484
2485
103
155
964
965
966
967
101
104
156
2514
2517
2518
102
105
157
2521
2524
2525
103
106
158
2496
2497
2498
2499
2528
2531
2532
107
159
971
972
973
974
991
994
995
1506
2514
2515
2517
1513
2514
2521
2522
2524
1520
2521
2528
2529
2531
978
991
992
994
2528
983
2515
2535
2536
3503
986
2522
2535
2538
2539
3509
989
2529
2538
2541
2542
3515
766
992
2541
2544
2545
1536
1537
1539
4991
998
999
1001
1536
4810
115
118
168
998
1000
1002
1004
4624
119
169
4625
1005
1006
1008
1537
999
1005
1012
1013
1015
119
122
172
1012
1014
1016
1018
2560
2561
2562
123
173
121
124
174
1006
1007
1010
1011
122
125
175
1013
1014
1017
1018
123
126
176
127
177
125
128
178
126
129
179
127
130
180
131
181
129
132
182
130
133
183
131
134
184
135
185
133
136
186
134
137
187
135
138
188
139
189
137
140
190
138
141
191
139
142
192
143
193
141
144
194
142
145
195
143
146
196
147
197
145
148
198
146
149
199
147
150
200
151
201
149
152
202
150
153
203
151
154
204
155
205
153
156
206
154
157
207
155
158
208
159
209
157
160
210
158
161
211
159
162
212
2547
2550
2551
163
213
1019
1022
1023
161
214
2517
2518
2519
2520
162
215
2524
2525
2526
2527
2548
2550
2552
2531
2547
2548
2550
994
1019
1020
1022
2547
2542
2548
2554
2555
769
1020
2554
2557
2558
1539
1895
1896
1897
1898
1902
1903
1904
1905
4829
1001
1026
1030
1031
1913
1914
1917
1919
4739
169
172
220
774
776
777
778
2560
2563
2564
2584
2585
2586
4633
173
221
4634
1008
1027
1037
1038
1927
1928
1931
1933
775
779
1015
1044
1045
1941
1942
1945
1946
784
2560
2561
2563
177
223
2560
2562
2564
2566
175
178
224
780
781
782
783
176
179
225
785
786
788
789
177
180
226
2561
2562
2565
2566
181
227
179
182
228
180
183
229
181
184
230
185
231
183
186
232
184
187
233
185
188
234
189
235
187
190
236
188
191
237
189
192
238
193
239
191
194
240
192
195
241
193
196
242
197
243
195
198
244
196
199
245
197
200
246
201
247
199
202
248
200
203
249
201
204
250
205
251
203
206
252
204
207
253
205
208
254
209
255
207
210
256
208
211
257
209
212
258
213
259
211
214
260
212
215
261
213
216
262
2567
2570
2571
217
263
1050
1053
1054
215
264
216
265
2568
2570
2572
2550
2567
2568
2570
1022
1050
1051
1053
2567
2555
2568
2574
2575
772
1051
2574
2577
2578
793
2584
2585
2587
4639
223
272
2584
2586
2588
2590
4640
804
2563
2585
2595
2596
2598
3055
3056
3059
227
276
2595
2597
2599
2601
225
228
277
798
799
802
803
226
229
278
805
806
809
810
227
230
279
2596
2597
2600
2601
231
280
229
232
281
230
233
282
231
234
283
235
284
233
236
285
234
237
286
235
238
287
239
288
237
240
289
238
241
290
239
242
291
243
292
241
244
293
242
245
294
243
246
295
247
296
245
248
297
246
249
298
247
250
299
251
300
249
252
301
250
253
302
251
254
303
255
304
253
256
305
254
257
306
255
258
307
259
308
257
260
309
258
261
310
259
262
311
263
312
261
264
313
262
265
314
263
266
315
2602
2605
2606
267
316
1065
1068
1069
265
317
266
318
2603
2605
2607
2570
2602
2603
2605
1053
1065
1066
1068
2602
2575
2603
2609
2610
791
1066
2609
2612
2613
1074
1958
1959
1960
1961
3547
3548
3550
3552
5705
5706
814
2587
2615
2616
2618
3072
3073
3075
5483
276
326
2615
2617
2619
2621
4647
800
1072
1553
1554
1557
1680
1681
1682
807
815
1085
1560
1561
1562
1690
1691
1692
276
279
329
1092
1094
1096
1098
2598
2599
2600
2601
2616
2617
2620
2621
280
330
278
281
331
1086
1087
1090
1091
279
282
332
1093
1094
1097
1098
280
283
333
284
334
282
285
335
283
286
336
284
287
337
288
338
286
289
339
287
290
340
288
291
341
292
342
290
293
343
291
294
344
292
295
345
296
346
294
297
347
295
298
348
296
299
349
300
350
298
301
351
299
302
352
300
303
353
304
354
302
305
355
303
306
356
304
307
357
308
358
306
309
359
307
310
360
308
311
361
312
362
310
313
363
311
314
364
312
315
365
316
366
314
317
367
315
318
368
316
319
369
2622
2625
2626
320
370
1099
1102
1103
318
371
319
372
2623
2625
2627
2605
2622
2623
2625
1068
1099
1100
1102
2622
2610
2623
2629
2630
812
1100
2629
2632
2633
1074
1106
1107
1109
4759
4943
4944
4946
817
1106
1113
1114
1116
4766
4953
4954
4957
326
329
379
1113
1115
1117
1119
2618
2619
2620
2621
5498
5499
5502
5503
330
380
4652
328
331
381
1088
1089
1090
1091
1107
1108
1111
1112
329
332
382
1095
1096
1097
1098
1114
1115
1118
1119
330
333
383
334
384
332
335
385
333
336
386
334
337
387
338
388
336
339
389
337
340
390
338
341
391
342
392
340
343
393
341
344
394
342
345
395
346
396
344
347
397
345
348
398
346
349
399
350
400
348
351
401
349
352
402
350
353
403
354
404
352
355
405
353
356
406
354
357
407
358
408
356
359
409
357
360
410
358
361
411
362
412
360
363
413
361
364
414
362
365
415
366
416
364
367
417
365
368
418
366
369
419
370
420
368
371
421
369
372
422
370
373
423
2635
2638
2639
374
424
1120
1123
1124
372
425
373
426
2636
2638
2640
2625
2635
2636
2638
1102
1120
1121
1123
2635
2630
2636
2642
2643
822
1121
2642
2645
2646
378
381
431
1109
1110
1111
1112
5031
5032
5035
5036
379
382
432
1116
1117
1118
1119
5038
5039
5042
5043
380
383
433
4661
384
434
4662
382
385
435
383
386
436
384
387
437
388
438
386
389
439
387
390
440
388
391
441
392
442
390
393
443
391
394
444
392
395
445
396
446
394
397
447
395
398
448
396
399
449
400
450
398
401
451
399
402
452
400
403
453
404
454
402
405
455
403
406
456
404
407
457
408
458
406
409
459
407
410
460
408
411
461
412
462
410
413
463
411
414
464
412
415
465
416
466
414
417
467
415
418
468
416
419
469
420
470
418
421
471
419
422
472
420
423
473
424
474
422
425
475
423
426
476
424
427
477
2648
2651
2652
428
478
1127
1130
1131
426
479
427
480
2649
2651
2653
2638
2648
2649
2651
1123
1127
1128
1130
2648
2643
2649
2655
2656
825
1128
2655
2658
2659
432
435
485
4671
433
436
486
4672
434
437
487
4673
438
488
4674
436
439
489
437
440
490
438
441
491
442
492
440
443
493
441
444
494
442
445
495
446
496
444
447
497
445
448
498
446
449
499
450
500
448
451
501
449
452
502
450
453
503
454
504
452
455
505
453
456
506
454
457
507
458
508
456
459
509
457
460
510
458
461
511
462
512
460
463
513
461
464
514
462
465
515
466
516
464
467
517
465
468
518
466
469
519
470
520
468
471
521
469
472
522
470
473
523
474
524
472
475
525
473
476
526
474
477
527
478
528
476
479
529
477
480
530
478
481
531
2661
2664
2665
482
532
1134
1137
1138
480
533
481
534
2662
2664
2666
2651
2661
2662
2664
1130
1134
1135
1137
2661
2656
2662
2668
2669
828
1135
2668
2671
2672
486
489
539
4683
487
490
540
4684
488
491
541
4685
492
542
4686
490
493
543
491
494
544
492
495
545
496
546
494
497
547
495
498
548
496
499
549
500
550
498
501
551
499
502
552
500
503
553
504
554
502
505
555
503
506
556
504
507
557
508
558
506
509
559
507
510
560
508
511
561
512
562
510
513
563
511
514
564
512
515
565
516
566
514
517
567
515
518
568
516
519
569
520
570
518
521
571
519
522
572
520
523
573
524
574
522
525
575
523
526
576
524
527
577
528
578
526
529
579
527
530
580
528
531
581
532
582
530
533
583
531
534
584
532
535
585
2674
2677
2678
536
586
1141
1144
1145
534
587
535
588
2675
2677
2679
2664
2674
2675
2677
1137
1141
1142
1144
2674
2669
2675
2681
2682
831
1142
2681
2684
2685
540
543
593
4695
541
544
594
4696
542
545
595
4697
546
596
2700
2701
2702
4698
544
547
597
545
548
598
546
549
599
550
600
2707
2708
2709
548
551
601
549
552
602
550
553
603
554
604
2714
2715
2716
552
555
605
553
556
606
554
557
607
558
608
2721
2722
2723
556
559
609
557
560
610
558
561
611
562
612
2728
2729
2730
560
563
613
561
564
614
562
565
615
566
616
2735
2736
2737
564
567
617
565
568
618
566
569
619
570
620
2742
2743
2744
568
571
621
569
572
622
570
573
623
574
624
2749
2750
2751
572
575
625
573
576
626
574
577
627
578
628
2756
2757
2758
576
579
629
577
580
630
578
581
631
582
632
2763
2764
2765
580
583
633
581
584
634
582
585
635
586
636
2770
2771
2772
584
587
637
585
588
638
586
589
639
2687
2690
2691
590
640
1148
1151
1152
2777
2778
2779
588
641
2784
2785
2786
589
642
2688
2690
2692
2791
2792
2793
2677
2687
2688
2690
1144
1148
1149
1151
2687
2682
2688
2694
2695
834
1149
2694
2697
2698
594
597
649
4706
595
598
650
4707
596
599
651
2701
2703
2705
2817
2818
2819
4708
2700
2701
2703
5516
598
601
653
599
602
654
600
603
655
2708
2710
2712
2824
2825
2826
2701
2707
2708
2710
602
605
657
603
606
658
604
607
659
2715
2717
2719
2831
2832
2833
2708
2714
2715
2717
606
609
661
607
610
662
608
611
663
2722
2724
2726
2838
2839
2840
2715
2721
2722
2724
610
613
665
611
614
666
612
615
667
2729
2731
2733
2845
2846
2847
2722
2728
2729
2731
614
617
669
615
618
670
616
619
671
2736
2738
2740
2852
2853
2854
2729
2735
2736
2738
618
621
673
619
622
674
620
623
675
2743
2745
2747
2859
2860
2861
2736
2742
2743
2745
622
625
677
623
626
678
624
627
679
2750
2752
2754
2866
2867
2868
2743
2749
2750
2752
626
629
681
627
630
682
628
631
683
2757
2759
2761
2873
2874
2875
2750
2756
2757
2759
630
633
685
631
634
686
632
635
687
2764
2766
2768
2880
2881
2882
2757
2763
2764
2766
634
637
689
635
638
690
636
639
691
2771
2773
2775
2887
2888
2889
2764
2770
2771
2773
638
641
693
2784
2787
2788
639
642
694
2791
2794
2795
640
643
695
2778
2780
2782
2798
2801
2802
2894
2895
2896
2771
2777
2778
2780
2784
2785
2787
2784
2791
2792
2794
2690
2791
2798
2799
2801
1151
1155
1156
1158
2778
2798
2785
2805
2806
2792
2805
2808
2809
2695
2799
2808
2811
2812
837
1156
2811
2814
2815
650
653
4716
651
654
2818
2820
2822
4717
2817
2818
2820
5534
843
2703
2817
3098
3099
3102
3104
3112
3113
3114
3115
4778
654
657
655
658
2825
2827
2829
2818
2824
2825
2827
843
846
2710
2824
3120
3121
3124
3125
3134
3135
3136
3137
658
661
659
662
2832
2834
2836
2825
2831
2832
2834
846
849
2717
2831
3142
3143
3146
3147
3156
3157
3158
3159
662
665
663
666
2839
2841
2843
2832
2838
2839
2841
849
852
2724
2838
3164
3165
3168
3169
3178
3179
3180
3181
666
669
667
670
2846
2848
2850
2839
2845
2846
2848
852
855
2731
2845
3186
3187
3190
3191
3200
3201
3202
3203
670
673
671
674
2853
2855
2857
2846
2852
2853
2855
855
858
2738
2852
3208
3209
3212
3213
3222
3223
3224
3225
674
677
675
678
2860
2862
2864
2853
2859
2860
2862
858
861
2745
2859
3230
3231
3234
3235
3244
3245
3246
3247
678
681
679
682
2867
2869
2871
2860
2866
2867
2869
861
864
2752
2866
3252
3253
3256
3257
3266
3267
3268
3269
682
685
683
686
2874
2876
2878
2867
2873
2874
2876
864
867
2759
2873
3274
3275
3278
3279
3288
3289
3290
3291
686
689
687
690
2881
2883
2885
2874
2880
2881
2883
867
870
2766
2880
3296
3297
3300
3301
3310
3311
3312
3313
690
693
691
694
2888
2890
2892
2881
2887
2888
2890
870
873
2773
2887
3318
3319
3322
3323
3332
3333
3334
3335
694
697
1162
1165
1166
695
698
1167
1170
1171
2895
2897
2899
2888
2894
2895
2897
873
876
2780
2894
3340
3341
3344
3345
3354
3355
3356
3357
1162
1163
1165
2787
1162
1167
1168
1170
2794
1167
1172
1173
1175
2801
2895
876
879
1158
1172
3362
3363
3366
3367
3376
3377
3378
3379
1163
2806
2901
2902
881
1168
2809
2904
2905
882
1173
2812
2907
2908
840
879
883
2910
2911
2913
2914
4728
891
1567
1568
4729
709
892
2916
2917
710
893
1570
1571
2919
2920
898
1573
1574
713
899
2922
2923
714
900
1576
1577
2925
2926
905
1579
1580
717
906
2928
2929
718
907
1582
1583
2931
2932
912
1585
1586
721
913
2934
2935
722
914
1588
1589
2937
2938
919
1591
1592
725
920
2940
2941
726
921
1594
1595
2943
2944
926
1597
1598
729
927
2946
2947
730
928
1600
1601
2949
2950
933
1603
1604
733
934
2952
2953
734
935
1606
1607
2955
2956
940
1609
1610
737
941
2958
2959
738
942
1612
1613
2961
2962
947
1615
1616
741
948
2964
2965
742
949
1618
1619
2967
2968
954
1621
1622
745
955
2970
2971
746
956
1624
1625
2973
2974
961
1627
1628
749
962
2976
2977
750
963
1630
1631
2979
2980
968
1633
1634
753
969
2982
2983
754
970
1636
1637
2985
2986
975
1639
1640
763
890
976
2988
2989
3009
764
977
1642
1643
885
2991
2992
759
886
982
2994
2995
887
2997
2998
761
888
985
3000
3001
889
3003
3004
763
890
988
3006
3007
3009
3010
765
1645
1646
977
1263
1264
1645
1646
1647
2086
2087
2088
2089
980
990
3012
3013
768
981
1266
1267
2094
2095
2096
2097
993
1269
1270
2102
2103
2104
2105
996
2543
3015
3016
771
997
1272
1273
2110
2111
2112
2113
1021
1275
1276
2118
2119
2120
2121
1024
2556
3018
3019
790
1025
1278
1279
2126
2127
2128
2129
776
777
1002
1029
1030
1033
1035
4740
1003
1028
1282
1283
2134
2135
2138
2139
778
784
1004
1281
1283
1285
1287
778
793
1648
1649
1650
1651
4742
787
794
1652
1653
1654
1655
3026
3027
3029
1009
1028
1289
1290
2148
2149
2152
2153
781
782
1010
1036
1038
1040
1042
783
785
1011
1288
1290
1292
1294
783
798
1656
1657
1658
1659
788
799
1660
1661
1662
1663
786
1016
1043
1044
1047
1048
3025
3026
3029
3030
786
788
1017
1043
1045
1047
1049
789
1018
2561
804
2563
3026
3027
3028
789
805
1295
1297
1299
1300
806
2565
3025
3028
3030
3031
1052
1301
1302
2166
2167
2168
2169
1055
2576
3032
3033
811
1056
1304
1305
2174
2175
2176
2177
794
2580
2581
2582
2583
3035
3036
3039
3041
4842
804
1668
1669
1670
1671
2585
3042
3043
3046
3047
3054
3056
3058
814
2587
3036
3037
3038
4844
807
815
1058
1672
1673
808
816
2589
3043
3044
3045
799
802
2591
2592
2593
2594
803
805
1675
1676
1677
1678
1057
1680
1681
807
1058
1085
1685
1686
803
1086
1316
1318
1319
1320
809
1087
1321
1323
1324
1325
3054
3055
3056
806
809
1059
1061
1062
1064
810
2596
3053
3055
3057
3059
1690
1691
1092
2598
3061
3062
3063
810
1093
1326
1328
1330
1331
1094
2600
3060
3063
3065
3066
1067
1332
1333
2199
2200
2201
2202
1070
2611
3067
3068
821
1071
1335
1336
2207
2208
2209
2210
3071
3072
3073
4744
1073
1672
1673
1674
1695
1696
1697
820
1092
1694
1696
1698
1700
2616
3044
3045
3048
3070
3072
3074
3075
818
819
1075
1078
1081
1083
1084
4746
4924
4925
4927
820
1113
2618
3070
3073
3075
3076
4747
5576
5578
5581
820
1077
1095
1114
1694
1697
1699
1700
1096
1115
2620
1101
1338
1339
2215
2216
2217
2218
1104
2631
3077
3078
824
1105
1341
1342
2223
2224
2225
2226
1122
1344
1345
2231
2232
2233
2234
1125
2644
3080
3081
827
1126
1347
1348
2239
2240
2241
2242
1129
1350
1351
2247
2248
2249
2250
1132
2657
3083
3084
830
1133
1353
1354
2255
2256
2257
2258
1136
1356
1357
2263
2264
2265
2266
1139
2670
3086
3087
833
1140
1359
1360
2271
2272
2273
2274
1143
1362
1363
2279
2280
2281
2282
1146
2683
3089
3090
836
1147
1365
1366
2287
2288
2289
2290
1150
1368
1369
2295
2296
2297
2298
1153
2696
3092
3093
839
1154
1371
1372
2303
2304
2305
2306
1157
1374
1375
2311
2312
2313
2314
1160
2813
3095
3096
884
1161
1377
1378
2319
2320
2321
2322
2704
3099
3100
3101
4779
2705
2819
3105
3107
3109
3111
3116
3117
3118
3119
845
2706
3106
3107
3108
2711
3121
3122
3123
2712
2826
3127
3129
3131
3133
3138
3139
3140
3141
848
2713
3128
3129
3130
2718
3143
3144
3145
2719
2833
3149
3151
3153
3155
3160
3161
3162
3163
851
2720
3150
3151
3152
2725
3165
3166
3167
2726
2840
3171
3173
3175
3177
3182
3183
3184
3185
854
2727
3172
3173
3174
2732
3187
3188
3189
2733
2847
3193
3195
3197
3199
3204
3205
3206
3207
857
2734
3194
3195
3196
2739
3209
3210
3211
2740
2854
3215
3217
3219
3221
3226
3227
3228
3229
860
2741
3216
3217
3218
2746
3231
3232
3233
2747
2861
3237
3239
3241
3243
3248
3249
3250
3251
863
2748
3238
3239
3240
2753
3253
3254
3255
2754
2868
3259
3261
3263
3265
3270
3271
3272
3273
866
2755
3260
3261
3262
2760
3275
3276
3277
2761
2875
3281
3283
3285
3287
3292
3293
3294
3295
869
2762
3282
3283
3284
2767
3297
3298
3299
2768
2882
3303
3305
3307
3309
3314
3315
3316
3317
872
2769
3304
3305
3306
2774
3319
3320
3321
2775
2889
3325
3327
3329
3331
3336
3337
3338
3339
875
2776
3326
3327
3328
2781
3341
3342
3343
2782
2896
3347
3349
3351
3353
3358
3359
3360
3361
878
2783
3348
3349
3350
1159
3363
3364
3365
1160
1174
2910
2911
2912
3369
3371
3373
3375
3380
3381
3382
3383
884
1161
3370
3371
3372
1164
2807
3384
3385
1169
2810
3387
3388
1174
2813
3390
3391
1496
1497
2327
2328
2329
2330
1504
2991
3393
3394
887
1505
2994
3396
3397
1511
2997
3399
3400
889
1512
3000
3402
3403
1518
3003
3405
3406
1519
3006
3408
3409
1567
1568
1569
1701
1702
1705
4793
2341
3411
3412
3415
898
1570
1571
1572
1708
1709
1712
895
896
2343
2349
2350
2351
2352
4796
897
1704
1705
1706
1707
4797
897
901
2345
3414
3415
3416
3417
902
1711
1712
1713
1714
1573
1574
1575
1715
1716
1719
2355
3418
3419
3422
905
1576
1577
1578
1722
1723
1726
902
903
2357
2363
2364
2365
2366
904
1718
1719
1720
1721
904
908
2359
3421
3422
3423
3424
909
1725
1726
1727
1728
1579
1580
1581
1729
1730
1733
2369
3425
3426
3429
912
1582
1583
1584
1736
1737
1740
909
910
2371
2377
2378
2379
2380
911
1732
1733
1734
1735
911
915
2373
3428
3429
3430
3431
916
1739
1740
1741
1742
1585
1586
1587
1743
1744
1747
2383
3432
3433
3436
919
1588
1589
1590
1750
1751
1754
916
917
2385
2391
2392
2393
2394
918
1746
1747
1748
1749
918
922
2387
3435
3436
3437
3438
923
1753
1754
1755
1756
1591
1592
1593
1757
1758
1761
2397
3439
3440
3443
926
1594
1595
1596
1764
1765
1768
923
924
2399
2405
2406
2407
2408
925
1760
1761
1762
1763
925
929
2401
3442
3443
3444
3445
930
1767
1768
1769
1770
1597
1598
1599
1771
1772
1775
2411
3446
3447
3450
933
1600
1601
1602
1778
1779
1782
930
931
2413
2419
2420
2421
2422
932
1774
1775
1776
1777
932
936
2415
3449
3450
3451
3452
937
1781
1782
1783
1784
1603
1604
1605
1785
1786
1789
2425
3453
3454
3457
940
1606
1607
1608
1792
1793
1796
937
938
2427
2433
2434
2435
2436
939
1788
1789
1790
1791
939
943
2429
3456
3457
3458
3459
944
1795
1796
1797
1798
1609
1610
1611
1799
1800
1803
2439
3460
3461
3464
947
1612
1613
1614
1806
1807
1810
944
945
2441
2447
2448
2449
2450
946
1802
1803
1804
1805
946
950
2443
3463
3464
3465
3466
951
1809
1810
1811
1812
1615
1616
1617
1813
1814
1817
2453
3467
3468
3471
954
1618
1619
1620
1820
1821
1824
951
952
2455
2461
2462
2463
2464
953
1816
1817
1818
1819
953
957
2457
3470
3471
3472
3473
958
1823
1824
1825
1826
1621
1622
1623
1827
1828
1831
2467
3474
3475
3478
961
1624
1625
1626
1834
1835
1838
958
959
2469
2475
2476
2477
2478
960
1830
1831
1832
1833
960
964
2471
3477
3478
3479
3480
965
1837
1838
1839
1840
1627
1628
1629
1841
1842
1845
2481
3481
3482
3485
968
1630
1631
1632
1848
1849
1852
965
966
2483
2489
2490
2491
2492
967
1844
1845
1846
1847
967
971
2485
3484
3485
3486
3487
972
1851
1852
1853
1854
1633
1634
1635
1855
1856
1859
2495
3488
3489
3492
975
1636
1637
1638
1862
1863
1866
972
973
2497
2503
2504
2505
2506
974
1858
1859
1860
1861
974
978
2499
3491
3492
3493
3494
979
1865
1866
1867
1868
1639
1640
1641
1869
1870
1873
1519
3495
3496
3497
1642
1643
1644
1876
1877
1878
979
980
1521
2510
2511
2512
2513
981
991
1872
1873
1874
1875
981
992
1523
3012
3013
3014
3497
3499
3500
3501
993
1266
1267
1268
1878
1880
1881
1882
1505
1883
1884
2994
2995
2996
4561
4562
4563
4564
1508
3502
3503
986
1509
2535
3505
3506
1512
1886
1887
3000
3001
3002
4569
4570
4571
4572
1515
3508
3509
989
1516
2538
3511
3512
1519
1889
1890
3006
3007
3008
4577
4578
4579
4580
1522
3514
3515
1523
2541
3517
3518
993
995
993
996
2530
2544
2545
2546
997
1269
1270
1271
995
996
2532
997
1019
997
1020
2534
3015
3016
3017
1021
1272
1273
1274
1000
1002
4811
1000
1003
1538
1004
1012
1002
1003
1030
1031
1033
1540
4814
1004
4815
1004
1015
1282
1283
1285
1542
1016
1007
1009
1538
1007
1010
1011
1013
1009
1010
1037
1038
1040
1541
1011
1015
1289
1290
1292
1542
1011
1017
1014
1016
1014
1017
1018
1016
1017
1044
1045
1047
1018
1018
1021
1023
1021
1024
2549
2557
2558
2559
1025
1275
1276
1277
1023
1024
2551
1025
1050
1025
1051
2553
3018
3019
3020
1052
1278
1279
1280
1540
1892
1893
1896
4830
1541
1899
1900
1903
1542
1906
1907
1908
1033
1035
1281
1648
1920
1921
1925
1926
1033
1035
4913
1033
1282
1892
1920
1922
1924
1925
1893
1914
1915
1916
4914
1285
1286
1894
1921
1922
1923
1651
1913
1916
1918
1919
4917
1040
1042
1288
1656
1934
1935
1939
1940
1040
1289
1899
1934
1936
1938
1939
1040
1042
1900
1928
1929
1930
1292
1293
1901
1935
1936
1937
1659
1927
1930
1932
1933
1047
1048
1049
1295
1047
1048
1283
1047
1049
1290
1284
1291
1942
1943
1944
1287
1298
1941
1943
1945
1947
3827
3828
3830
1294
1299
1941
1944
1946
1947
1052
1054
1052
1055
2569
2577
2578
2579
1056
1301
1302
1303
1054
1055
2571
1056
1065
1056
1066
2573
3032
3033
3034
1067
1304
1305
1306
1072
3520
3521
1073
3523
3524
1062
1064
1326
3053
3533
3534
3538
3539
1296
1669
3054
3527
3528
3529
1062
1064
1297
1543
1544
1545
1546
1676
1300
3057
3526
3528
3530
3532
1329
1671
3058
3534
3535
3536
1330
1678
1951
1952
1953
1954
1067
1069
1067
1070
2604
2612
2613
2614
1071
1332
1333
1334
1069
1070
2606
1071
1099
1071
1100
2608
3067
3068
3069
1101
1335
1336
1337
3520
3521
3522
3546
3548
3549
1085
3523
3524
3525
3553
3554
3555
1075
1076
4852
5708
5710
5711
1077
1106
1956
1957
1958
1961
4853
5249
5250
5252
1077
1088
1107
3547
3549
3551
3552
1089
1108
3555
3556
3557
3559
1082
1083
1084
1694
3070
1308
3071
3561
3562
3563
4919
1695
1955
1963
1964
1965
1083
1084
1547
1549
1550
1552
1956
4920
5350
5352
5354
1309
1698
1962
1964
1967
1968
3074
3560
3562
3564
3565
3851
3852
3853
1699
1957
1962
1965
1966
1968
3076
3560
3563
3565
3566
4922
5773
5774
5777
1685
1686
1687
1969
1970
1971
1087
1090
1554
1555
1556
1559
1091
1093
1970
1972
1973
1975
1089
1090
1556
1557
1558
1559
1091
1095
1971
1973
1974
1975
1091
1097
1094
1096
1560
1563
1564
1565
3062
3063
3066
1094
1097
1561
1563
1565
1566
1098
1096
1097
1562
1564
1565
1566
1098
1098
1101
1103
1101
1104
2624
2632
2633
2634
1105
1338
1339
1340
1103
1104
2626
1105
1120
1105
1121
2628
3077
3078
3079
1122
1341
1342
1343
1108
1110
4760
4948
4949
4951
1108
1111
1112
1114
1110
1111
4763
5112
5114
5117
1112
1116
4764
5119
5121
5124
1112
1118
1115
1117
4767
5592
5593
5596
1115
1118
1119
1117
1118
4770
5133
5135
5138
1119
4771
1119
1122
1124
1122
1125
2637
2645
2646
2647
1126
1344
1345
1346
1124
1125
2639
1126
1127
1126
1128
2641
3080
3081
3082
1129
1347
1348
1349
1129
1131
1129
1132
2650
2658
2659
2660
1133
1350
1351
1352
1131
1132
2652
1133
1134
1133
1135
2654
3083
3084
3085
1136
1353
1354
1355
1136
1138
1136
1139
2663
2671
2672
2673
1140
1356
1357
1358
1138
1139
2665
1140
1141
1140
1142
2667
3086
3087
3088
1143
1359
1360
1361
1143
1145
1143
1146
2676
2684
2685
2686
1147
1362
1363
1364
1145
1146
2678
1147
1148
1147
1149
2680
3089
3090
3091
1150
1365
1366
1367
1150
1152
1150
1153
2689
2697
2698
2699
1154
1368
1369
1370
1152
1153
2691
1154
1155
1154
1156
2693
3092
3093
3094
1157
1371
1372
1373
1157
1159
2779
1157
1160
2800
2814
2815
2816
1161
1374
1375
1376
1159
1160
2782
2802
1161
2783
3363
3364
3366
1161
2804
3095
3096
3097
1377
1378
1379
3370
3371
3373
1164
1166
2788
1164
2789
2901
2902
2903
3567
3568
3569
3570
1168
2790
3384
3385
3386
3571
3572
3573
3574
1166
3569
3570
1170
3573
3574
1169
1171
2795
1169
2796
2904
2905
2906
3575
3576
3577
3578
1173
2797
3387
3388
3389
3579
3580
3581
3582
1171
3577
3578
1175
3581
3582
1174
1176
2802
2896
1174
2803
2907
2908
2909
3583
3584
3585
3586
2804
3390
3391
3392
3587
3588
3589
3590
1176
2899
3585
3586
2900
3377
3379
3588
3590
1701
2913
3591
3592
4889
1180
1702
1976
1977
1182
1703
2915
3594
3595
1708
1979
1980
1183
1709
2917
3597
3598
1710
2918
3600
3601
1715
2919
3603
3604
1186
1716
1982
1983
1188
1717
2921
3606
3607
1722
1985
1986
1189
1723
2923
3609
3610
1724
2924
3612
3613
1729
2925
3615
3616
1192
1730
1988
1989
1194
1731
2927
3618
3619
1736
1991
1992
1195
1737
2929
3621
3622
1738
2930
3624
3625
1743
2931
3627
3628
1198
1744
1994
1995
1200
1745
2933
3630
3631
1750
1997
1998
1201
1751
2935
3633
3634
1752
2936
3636
3637
1757
2937
3639
3640
1204
1758
2000
2001
1206
1759
2939
3642
3643
1764
2003
2004
1207
1765
2941
3645
3646
1766
2942
3648
3649
1771
2943
3651
3652
1210
1772
2006
2007
1212
1773
2945
3654
3655
1778
2009
2010
1213
1779
2947
3657
3658
1780
2948
3660
3661
1785
2949
3663
3664
1216
1786
2012
2013
1218
1787
2951
3666
3667
1792
2015
2016
1219
1793
2953
3669
3670
1794
2954
3672
3673
1799
2955
3675
3676
1222
1800
2018
2019
1224
1801
2957
3678
3679
1806
2021
2022
1225
1807
2959
3681
3682
1808
2960
3684
3685
1813
2961
3687
3688
1228
1814
2024
2025
1230
1815
2963
3690
3691
1820
2027
2028
1231
1821
2965
3693
3694
1822
2966
3696
3697
1827
2967
3699
3700
1234
1828
2030
2031
1236
1829
2969
3702
3703
1834
2033
2034
1237
1835
2971
3705
3706
1836
2972
3708
3709
1841
2973
3711
3712
1240
1842
2036
2037
1242
1843
2975
3714
3715
1848
2039
2040
1243
1849
2977
3717
3718
1850
2978
3720
3721
1855
2979
3723
3724
1246
1856
2042
2043
1248
1857
2981
3726
3727
1862
2045
2046
1249
1863
2983
3729
3730
1864
2984
3732
3733
1869
2985
3735
3736
1252
1870
2048
2049
1254
1871
2987
3738
3739
1876
2051
2052
1262
1877
2989
3741
3742
1879
2990
3744
3745
1256
1524
3393
3747
3748
1883
3396
3750
3751
1258
1527
3399
3753
3754
1886
3402
3756
3757
1260
1530
3405
3759
3760
1889
3409
3762
3763
1262
1533
2989
3765
3766
1263
3768
3769
1265
1533
1877
3768
3769
3770
3775
3776
3777
3778
1265
1266
1878
2090
2091
2092
2093
1268
1535
1880
3771
3772
3773
3774
1268
2098
2099
2100
2101
1268
1269
3013
3783
3784
3785
3786
3014
3779
3780
3781
3782
1271
2544
3791
3792
3793
3794
1271
1272
2106
2107
2108
2109
1274
2546
3787
3788
3789
3790
1274
2114
2115
2116
2117
1274
1275
3016
3799
3800
3801
3802
3017
3795
3796
3797
3798
1277
2557
3807
3808
3809
3810
1277
1278
2122
2123
2124
2125
1280
2559
3803
3804
3805
3806
1280
2130
2131
2132
2133
1280
1301
3019
3815
3816
3817
3818
3020
3811
3812
3813
3814
1285
1287
1652
2141
2142
2146
2147
1285
1906
2141
2143
2145
2146
1285
1287
1908
2135
2136
2137
1909
2142
2143
2144
1654
2134
2137
2139
2140
1292
1294
1660
2155
2156
2160
2161
1292
1907
2155
2157
2159
2160
1292
1294
1908
2149
2150
2151
1910
2156
2157
2158
1662
2148
2151
2153
2154
1299
1300
3025
3826
3827
3830
3832
1653
3027
3820
3821
3822
1299
1300
1661
1664
1665
1666
1667
1654
3029
3827
3828
3829
1662
2162
2163
2164
2165
3031
3819
3822
3823
3825
1303
2577
3837
3838
3839
3840
1303
1304
2170
2171
2172
2173
1306
2579
3833
3834
3835
3836
1306
2178
2179
2180
2181
1306
1332
3033
3845
3846
3847
3848
3034
3841
3842
3843
3844
1310
1311
2580
3035
3849
3850
3854
3855
1310
3037
3561
3562
3564
3849
3851
3853
3854
5241
1315
3040
3850
3851
3852
2583
3041
5243
1314
1668
3042
3863
3864
3867
3868
1695
1949
2182
2183
1327
1696
3045
3857
3858
3859
1329
1671
3047
3856
3858
3860
3861
3895
3896
3898
1698
3048
3864
3865
3866
1319
1320
1321
2591
3874
3875
3876
3877
1322
1553
1948
2186
2187
1319
1320
1554
1679
1681
1682
1683
1325
1555
2185
2187
2188
2189
2594
3870
3871
3872
3873
1324
1325
1675
3882
3883
3884
3885
1950
1969
2191
2192
1324
1325
1328
1684
1686
1687
1688
1970
1330
1678
3878
3879
3880
3881
1972
2190
2192
2193
2194
1330
1331
3060
3893
3894
3897
3899
1560
3062
3887
3888
3889
1330
1331
1561
1689
1691
1692
1693
3064
3894
3895
3896
2195
2196
2197
2198
1563
3066
3886
3889
3890
3892
1334
2612
3904
3905
3906
3907
1334
1335
2203
2204
2205
2206
1337
2614
3900
3901
3902
3903
1337
2211
2212
2213
2214
1337
1338
3068
3912
3913
3914
3915
3069
3908
3909
3910
3911
1340
2632
3920
3921
3922
3923
1340
1341
2219
2220
2221
2222
1343
2634
3916
3917
3918
3919
1343
2227
2228
2229
2230
1343
1344
3078
3928
3929
3930
3931
3079
3924
3925
3926
3927
1346
2645
3936
3937
3938
3939
1346
1347
2235
2236
2237
2238
1349
2647
3932
3933
3934
3935
1349
2243
2244
2245
2246
1349
1350
3081
3944
3945
3946
3947
3082
3940
3941
3942
3943
1352
2658
3952
3953
3954
3955
1352
1353
2251
2252
2253
2254
1355
2660
3948
3949
3950
3951
1355
2259
2260
2261
2262
1355
1356
3084
3960
3961
3962
3963
3085
3956
3957
3958
3959
1358
2671
3968
3969
3970
3971
1358
1359
2267
2268
2269
2270
1361
2673
3964
3965
3966
3967
1361
2275
2276
2277
2278
1361
1362
3087
3976
3977
3978
3979
3088
3972
3973
3974
3975
1364
2684
3984
3985
3986
3987
1364
1365
2283
2284
2285
2286
1367
2686
3980
3981
3982
3983
1367
2291
2292
2293
2294
1367
1368
3090
3992
3993
3994
3995
3091
3988
3989
3990
3991
1370
2697
4000
4001
4002
4003
1370
1371
2299
2300
2301
2302
1373
2699
3996
3997
3998
3999
1373
2307
2308
2309
2310
1373
1374
3093
4008
4009
4010
4011
3094
4004
4005
4006
4007
1376
2814
4016
4017
4018
4019
1376
1377
2315
2316
2317
2318
1379
2816
4012
4013
4014
4015
1379
2323
2324
2325
2326
1379
1496
3096
4024
4025
4026
4027
3097
4020
4021
4022
4023
1383
1384
3098
3112
4035
4036
4040
4041
3101
4029
4030
4031
4976
1386
3103
4036
4037
4038
3104
3115
4028
4031
4033
4034
4978
1387
3105
3116
4049
4050
4054
4055
1389
3108
4043
4044
4045
3110
4050
4051
4052
1390
3111
3119
4042
4045
4047
4048
1390
1392
3120
3134
4063
4064
4068
4069
3123
4057
4058
4059
3125
3136
4056
4058
4061
4062
1394
3126
4064
4065
4066
1395
3127
3138
4077
4078
4082
4083
1397
3130
4071
4072
4073
3132
4078
4079
4080
1398
3133
3141
4070
4073
4075
4076
1398
1400
3142
3156
4091
4092
4096
4097
3145
4085
4086
4087
3147
3158
4084
4086
4089
4090
1402
3148
4092
4093
4094
1403
3149
3160
4105
4106
4110
4111
1405
3152
4099
4100
4101
3154
4106
4107
4108
1406
3155
3163
4098
4101
4103
4104
1406
1408
3164
3178
4119
4120
4124
4125
3167
4113
4114
4115
3169
3180
4112
4114
4117
4118
1410
3170
4120
4121
4122
1411
3171
3182
4133
4134
4138
4139
1413
3174
4127
4128
4129
3176
4134
4135
4136
1414
3177
3185
4126
4129
4131
4132
1414
1416
3186
3200
4147
4148
4152
4153
3189
4141
4142
4143
3191
3202
4140
4142
4145
4146
1418
3192
4148
4149
4150
1419
3193
3204
4161
4162
4166
4167
1421
3196
4155
4156
4157
3198
4162
4163
4164
1422
3199
3207
4154
4157
4159
4160
1422
1424
3208
3222
4175
4176
4180
4181
3211
4169
4170
4171
3213
3224
4168
4170
4173
4174
1426
3214
4176
4177
4178
1427
3215
3226
4189
4190
4194
4195
1429
3218
4183
4184
4185
3220
4190
4191
4192
1430
3221
3229
4182
4185
4187
4188
1430
1432
3230
3244
4203
4204
4208
4209
3233
4197
4198
4199
3235
3246
4196
4198
4201
4202
1434
3236
4204
4205
4206
1435
3237
3248
4217
4218
4222
4223
1437
3240
4211
4212
4213
3242
4218
4219
4220
1438
3243
3251
4210
4213
4215
4216
1438
1440
3252
3266
4231
4232
4236
4237
3255
4225
4226
4227
3257
3268
4224
4226
4229
4230
1442
3258
4232
4233
4234
1443
3259
3270
4245
4246
4250
4251
1445
3262
4239
4240
4241
3264
4246
4247
4248
1446
3265
3273
4238
4241
4243
4244
1446
1448
3274
3288
4259
4260
4264
4265
3277
4253
4254
4255
3279
3290
4252
4254
4257
4258
1450
3280
4260
4261
4262
1451
3281
3292
4273
4274
4278
4279
1453
3284
4267
4268
4269
3286
4274
4275
4276
1454
3287
3295
4266
4269
4271
4272
1454
1456
3296
3310
4287
4288
4292
4293
3299
4281
4282
4283
3301
3312
4280
4282
4285
4286
1458
3302
4288
4289
4290
1459
3303
3314
4301
4302
4306
4307
1461
3306
4295
4296
4297
3308
4302
4303
4304
1462
3309
3317
4294
4297
4299
4300
1462
1464
3318
3332
4315
4316
4320
4321
3321
4309
4310
4311
3323
3334
4308
4310
4313
4314
1466
3324
4316
4317
4318
1467
3325
3336
4329
4330
4334
4335
1469
3328
4323
4324
4325
3330
4330
4331
4332
1470
3331
3339
4322
4325
4327
4328
1470
1472
3340
3354
4343
4344
4348
4349
3343
4337
4338
4339
3345
3356
4336
4338
4341
4342
1474
3346
4344
4345
4346
1475
3347
3358
4357
4358
4362
4363
1477
3350
4351
4352
4353
3352
4358
4359
4360
1478
3353
3361
4350
4353
4355
4356
1478
1480
3362
3376
4371
4372
4376
4377
3365
4365
4366
4367
3367
3378
4364
4366
4369
4370
1482
3368
4372
4373
4374
1483
3369
3380
4385
4386
4390
4391
1501
3372
4379
4380
4381
3374
4386
4387
4388
1502
3375
3383
4378
4381
4383
4384
1485
2902
3567
4396
4397
4398
4399
1487
2903
3568
4392
4393
4394
4395
1487
1488
3385
3571
4404
4405
4406
4407
3386
3572
4400
4401
4402
4403
1489
2905
3575
4412
4413
4414
4415
1491
2906
3576
4408
4409
4410
4411
1491
1492
3388
3579
4420
4421
4422
4423
3389
3580
4416
4417
4418
4419
1493
2908
3583
4428
4429
4430
4431
1495
2909
3584
4424
4425
4426
4427
1495
1499
3391
3587
4436
4437
4438
4439
3392
3589
4432
4433
4434
4435
1498
2910
3371
4444
4445
4446
4447
1498
1501
2331
2332
2333
2334
3372
4462
4463
4466
1502
2912
3375
4440
4441
4442
4443
1500
2911
3381
4452
4453
4454
4455
1502
2912
3383
4448
4449
4450
4451
4461
4462
4463
4456
4457
4458
4459
4460
4462
4465
4466
1507
4475
4477
4479
4480
4467
4468
4469
1511
4474
4475
4476
1507
1508
1509
1513
2514
1509
2515
3502
3503
3504
4469
4471
4472
4473
1515
2516
3505
3506
3507
4476
4478
4479
4480
1514
4489
4491
4493
4494
4481
4482
4483
1518
4488
4489
4490
1514
1515
1516
1520
2521
1516
2522
3508
3509
3510
4483
4485
4486
4487
1522
2523
3511
3512
3513
4490
4492
4493
4494
1521
2495
2508
2511
2513
4502
4505
4506
4508
4495
4496
4497
4502
4503
4504
1521
1522
2498
1523
2499
2528
1523
2529
3514
3515
3516
4497
4499
4500
4501
2530
3517
3518
3519
4504
4506
4507
4508
1526
1883
3747
3748
3749
4467
4513
4514
4515
4516
1526
3502
4469
1885
3504
4471
1529
1886
3753
3754
3755
4481
4521
4522
4523
4524
1529
1884
3508
4483
1888
3510
4485
1532
1889
3759
3760
3761
4495
4529
4530
4531
4532
1532
1887
3514
4497
1891
3516
4499
1535
3496
3765
3766
3767
4537
4538
4539
4540
1535
1890
3012
3497
3014
3499
1538
1540
4992
1538
1541
1542
1540
1541
4995
1542
1892
1896
1897
4996
1542
1899
1903
1904
1906
1907
1912
1545
1546
1951
3526
1545
1546
1665
3049
1666
3530
1953
3050
1550
1551
1552
1962
3560
1550
1551
1963
3540
1550
1552
3541
1966
3542
1967
3564
3566
1555
1558
1969
2186
2187
2188
3546
1555
1559
1556
1972
1558
1559
1973
1558
1559
3549
1974
3551
1563
1564
1696
3887
3889
3890
1563
1566
1970
1564
1566
1697
1971
1565
1565
1700
1566
1975
1569
3591
5057
1569
1976
1978
3593
1572
1979
1572
1573
3597
1981
3599
1575
3603
1575
1982
1984
3605
1578
1985
1578
1579
3609
1987
3611
1581
3615
1581
1988
1990
3617
1584
1991
1584
1585
3621
1993
3623
1587
3627
1587
1994
1996
3629
1590
1997
1590
1591
3633
1999
3635
1593
3639
1593
2000
2002
3641
1596
2003
1596
1597
3645
2005
3647
1599
3651
1599
2006
2008
3653
1602
2009
1602
1603
3657
2011
3659
1605
3663
1605
2012
2014
3665
1608
2015
1608
1609
3669
2017
3671
1611
3675
1611
2018
2020
3677
1614
2021
1614
1615
3681
2023
3683
1617
3687
1617
2024
2026
3689
1620
2027
1620
1621
3693
2029
3695
1623
3699
1623
2030
2032
3701
1626
2033
1626
1627
3705
2035
3707
1629
3711
1629
2036
2038
3713
1632
2039
1632
1633
3717
2041
3719
1635
3723
1635
2042
2044
3725
1638
2045
1638
1639
3729
2047
3731
1641
3735
1641
2048
2050
3737
1644
2051
1644
1645
3741
2053
3743
1647
3768
1647
2082
2083
3770
1650
1651
1652
1650
1651
2581
5072
1655
2582
5074
1654
1655
1654
1655
1669
3820
3821
3824
3828
3829
3831
1670
1658
1659
1660
4545
4546
4547
4548
1658
1659
2592
1663
2593
4541
4542
4543
4544
1662
1663
4553
4554
4555
4556
1662
1663
1676
3021
3022
3023
3024
4549
4550
4551
4552
1677
1666
1667
2162
3819
1666
1667
3021
3823
2165
3022
1670
1671
2580
1670
1671
3527
3529
3531
2582
3535
3536
3537
1674
2182
3523
1674
1690
3857
2184
3862
1677
1678
2591
1677
1678
3049
3050
3051
3052
2593
4557
4558
4559
4560
1682
1683
2185
3870
1682
2186
3520
1682
1683
2188
3873
1687
1688
2190
3878
1687
2191
3524
1687
1688
1691
2193
1693
3881
1692
1693
2195
3886
1692
3887
1692
1693
3890
2198
1698
1699
1700
1698
1699
1964
1965
1968
2182
2183
2184
3553
1698
1700
3857
3859
3862
1699
1700
3555
3865
3866
3869
3556
1703
1707
2346
3591
3592
3593
5172
1703
1706
1708
1976
1977
1978
1704
1710
2348
3594
3595
3596
1706
1707
1711
2349
1706
1707
5175
1713
2352
5177
1710
1713
1979
1980
1981
1710
1714
1715
3412
3597
3598
3599
1711
3413
3600
3601
3602
1713
1714
3414
1713
1714
1719
1720
3417
1717
1720
2360
3603
3604
3605
1717
1721
1722
1982
1983
1984
1718
1724
2362
3606
3607
3608
1720
1721
1725
2363
1720
1721
2365
1727
1724
1727
1985
1986
1987
1724
1728
1729
3419
3609
3610
3611
1725
3420
3612
3613
3614
1727
1728
3421
1727
1728
1733
1734
3424
1731
1734
2374
3615
3616
3617
1731
1735
1736
1988
1989
1990
1732
1738
2376
3618
3619
3620
1734
1735
1739
2377
1734
1735
2379
1741
1738
1741
1991
1992
1993
1738
1742
1743
3426
3621
3622
3623
1739
3427
3624
3625
3626
1741
1742
3428
1741
1742
1747
1748
3431
1745
1748
2388
3627
3628
3629
1745
1749
1750
1994
1995
1996
1746
1752
2390
3630
3631
3632
1748
1749
1753
2391
1748
1749
2393
1755
1752
1755
1997
1998
1999
1752
1756
1757
3433
3633
3634
3635
1753
3434
3636
3637
3638
1755
1756
3435
1755
1756
1761
1762
3438
1759
1762
2402
3639
3640
3641
1759
1763
1764
2000
2001
2002
1760
1766
2404
3642
3643
3644
1762
1763
1767
2405
1762
1763
2407
1769
1766
1769
2003
2004
2005
1766
1770
1771
3440
3645
3646
3647
1767
3441
3648
3649
3650
1769
1770
3442
1769
1770
1775
1776
3445
1773
1776
2416
3651
3652
3653
1773
1777
1778
2006
2007
2008
1774
1780
2418
3654
3655
3656
1776
1777
1781
2419
1776
1777
2421
1783
1780
1783
2009
2010
2011
1780
1784
1785
3447
3657
3658
3659
1781
3448
3660
3661
3662
1783
1784
3449
1783
1784
1789
1790
3452
1787
1790
2430
3663
3664
3665
1787
1791
1792
2012
2013
2014
1788
1794
2432
3666
3667
3668
1790
1791
1795
2433
1790
1791
2435
1797
1794
1797
2015
2016
2017
1794
1798
1799
3454
3669
3670
3671
1795
3455
3672
3673
3674
1797
1798
3456
1797
1798
1803
1804
3459
1801
1804
2444
3675
3676
3677
1801
1805
1806
2018
2019
2020
1802
1808
2446
3678
3679
3680
1804
1805
1809
2447
1804
1805
2449
1811
1808
1811
2021
2022
2023
1808
1812
1813
3461
3681
3682
3683
1809
3462
3684
3685
3686
1811
1812
3463
1811
1812
1817
1818
3466
1815
1818
2458
3687
3688
3689
1815
1819
1820
2024
2025
2026
1816
1822
2460
3690
3691
3692
1818
1819
1823
2461
1818
1819
2463
1825
1822
1825
2027
2028
2029
1822
1826
1827
3468
3693
3694
3695
1823
3469
3696
3697
3698
1825
1826
3470
1825
1826
1831
1832
3473
1829
1832
2472
3699
3700
3701
1829
1833
1834
2030
2031
2032
1830
1836
2474
3702
3703
3704
1832
1833
1837
2475
1832
1833
2477
1839
1836
1839
2033
2034
2035
1836
1840
1841
3475
3705
3706
3707
1837
3476
3708
3709
3710
1839
1840
3477
1839
1840
1845
1846
3480
1843
1846
2486
3711
3712
3713
1843
1847
1848
2036
2037
2038
1844
1850
2488
3714
3715
3716
1846
1847
1851
2489
1846
1847
2491
1853
1850
1853
2039
2040
2041
1850
1854
1855
3482
3717
3718
3719
1851
3483
3720
3721
3722
1853
1854
3484
1853
1854
1859
1860
3487
1857
1860
2500
3723
3724
3725
1857
1861
1862
2042
2043
2044
1858
1864
2502
3726
3727
3728
1860
1861
1865
2503
1860
1861
2505
1867
1864
1867
2045
2046
2047
1864
1868
1869
3489
3729
3730
3731
1865
3490
3732
3733
3734
1867
1868
3491
1867
1868
1873
1874
3494
1871
1874
2507
3735
3736
3737
1871
1875
1876
2048
2049
2050
1872
1879
2509
3738
3739
3740
1874
1875
1881
2510
1874
1875
2512
1882
1879
1882
2051
2052
2053
1879
1880
3496
3741
3742
3743
1880
1882
1881
3498
3744
3745
3746
1881
3499
1882
3500
1885
3750
3751
3752
4474
4565
4566
4567
4568
1885
3505
4476
3507
4478
1888
3756
3757
3758
4488
4573
4574
4575
4576
1888
3511
4490
3513
4492
1891
3762
3763
3764
4503
4581
4582
4583
4584
1891
3517
4504
3519
4507
1894
1897
1906
1894
1898
1914
1915
1917
5221
1895
1909
1922
1923
1924
1897
1898
1911
1897
1898
5224
1912
5226
1901
1904
1907
1901
1905
1928
1929
1931
1902
1910
1936
1937
1938
1904
1905
1911
1904
1905
1912
1909
1912
1910
1912
1909
1910
2135
2136
2138
2149
2150
2152
1911
2143
2144
2145
1911
2157
2158
2159
1912
1917
1918
1919
1920
1917
1919
5337
1917
1918
1923
1918
1919
5339
1924
1926
5342
1924
1925
1926
1925
1926
2142
1924
1925
2143
1924
1926
2146
1931
1932
1933
1934
1931
1933
1931
1932
1937
1932
1933
4541
1938
1940
4542
1938
1939
1940
1939
1940
2156
4545
1938
1939
2157
1938
1940
2160
4546
1945
1946
1947
1945
1946
2135
2149
1945
1947
2137
1946
1947
2151
2163
2139
2153
2164
1950
3546
4585
4586
3553
4588
4589
3554
4591
4592
1953
1954
3533
1953
1954
2196
4557
4558
2197
3539
1957
1960
1963
1965
1966
3540
3542
3543
3544
3553
1957
1961
3541
3542
3543
3545
5247
5895
5897
5899
1958
3556
1960
1961
3557
1960
1961
3543
3544
3545
3558
5248
1966
1967
1968
1966
1967
1967
1968
1966
1968
1972
1974
2191
2192
2193
3554
1972
1975
1974
1975
3555
1973
1974
1975
3559
1978
1978
1980
3595
3596
1981
1981
3600
3602
1984
1984
1986
3607
3608
1987
1987
3612
3614
1990
1990
1992
3619
3620
1993
1993
3624
3626
1996
1996
1998
3631
3632
1999
1999
3636
3638
2002
2002
2004
3643
3644
2005
2005
3648
3650
2008
2008
2010
3655
3656
2011
2011
3660
3662
2014
2014
2016
3667
3668
2017
2017
3672
3674
2020
2020
2022
3679
3680
2023
2023
3684
3686
2026
2026
2028
3691
3692
2029
2029
3696
3698
2032
2032
2034
3703
3704
2035
2035
3708
3710
2038
2038
2040
3715
3716
2041
2041
3720
3722
2044
2044
2046
3727
3728
2047
2047
3732
3734
2050
2050
2052
3739
3740
2053
2053
3744
3746
2055
2992
4509
2057
2993
4510
2057
2060
3748
4513
3749
4514
2059
2062
2995
4561
2061
2996
4562
2061
3751
4565
3752
4566
2063
2998
4517
2065
2999
4518
2065
2068
3754
4521
3755
4522
2067
2070
3001
4569
2069
3002
4570
2069
3757
4573
3758
4574
2071
3004
4525
2073
3005
4526
2073
2076
3760
4529
3761
4530
2075
2078
3007
4577
2077
3008
4578
2077
3763
4581
3764
4582
2079
3010
4533
2081
3011
4534
2081
2084
3766
4537
3767
4538
2083
2087
2085
2089
2085
3769
3776
3770
3778
2088
2089
2090
3775
2088
2089
2092
3778
2092
2093
3771
2092
2093
2099
2101
3774
2096
2097
2098
3783
2096
2097
2103
2100
2105
3786
2100
2101
3779
2100
2101
3781
2104
2105
2106
3791
2104
2105
2108
3794
2108
2109
3787
2108
2109
2115
2117
3790
2112
2113
2114
3799
2112
2113
2119
2116
2121
3802
2116
2117
3795
2116
2117
3797
2120
2121
2122
3807
2120
2121
2124
3810
2124
2125
3803
2124
2125
2131
2133
3806
2128
2129
2130
3815
2128
2129
2167
2132
2169
3818
2132
2133
3811
2132
2133
3813
2138
2139
2140
2141
2138
2139
2138
2140
2144
2139
2140
2145
2147
2145
2146
2147
2146
2147
2145
2146
2145
2147
2152
2153
2154
2155
2152
2153
2152
2154
2158
2153
2154
4549
2159
2161
4550
2159
2160
2161
2160
2161
4553
2159
2160
2159
2161
4554
2164
2165
3826
2164
2165
4549
3830
4551
2168
2169
2170
3837
2168
2169
2172
3840
2172
2173
3833
2172
2173
2179
2181
3836
2176
2177
2178
3845
2176
2177
2200
2180
2202
3848
2180
2181
3841
2180
2181
3843
2184
4588
2184
3865
3869
2188
2189
3874
2188
4585
2188
2189
2192
2194
3877
2193
2194
3882
2193
4591
2193
2194
3885
2197
2198
3893
2197
2198
3879
3897
3881
2201
2202
2203
3904
2201
2202
2205
3907
2205
2206
3900
2205
2206
2212
2214
3903
2209
2210
2211
3912
2209
2210
2216
2213
2218
3915
2213
2214
3908
2213
2214
3910
2217
2218
2219
3920
2217
2218
2221
3923
2221
2222
3916
2221
2222
2228
2230
3919
2225
2226
2227
3928
2225
2226
2232
2229
2234
3931
2229
2230
3924
2229
2230
3926
2233
2234
2235
3936
2233
2234
2237
3939
2237
2238
3932
2237
2238
2244
2246
3935
2241
2242
2243
3944
2241
2242
2248
2245
2250
3947
2245
2246
3940
2245
2246
3942
2249
2250
2251
3952
2249
2250
2253
3955
2253
2254
3948
2253
2254
2260
2262
3951
2257
2258
2259
3960
2257
2258
2264
2261
2266
3963
2261
2262
3956
2261
2262
3958
2265
2266
2267
3968
2265
2266
2269
3971
2269
2270
3964
2269
2270
2276
2278
3967
2273
2274
2275
3976
2273
2274
2280
2277
2282
3979
2277
2278
3972
2277
2278
3974
2281
2282
2283
3984
2281
2282
2285
3987
2285
2286
3980
2285
2286
2292
2294
3983
2289
2290
2291
3992
2289
2290
2296
2293
2298
3995
2293
2294
3988
2293
2294
3990
2297
2298
2299
4000
2297
2298
2301
4003
2301
2302
3996
2301
2302
2308
2310
3999
2305
2306
2307
4008
2305
2306
2312
2309
2314
4011
2309
2310
4004
2309
2310
4006
2313
2314
2315
4016
2313
2314
2317
4019
2317
2318
4012
2317
2318
2324
2326
4015
2321
2322
2323
4024
2321
2322
2328
2325
2330
4027
2325
2326
4020
2325
2326
4022
2329
2330
2331
4444
2329
2330
2333
4447
2333
2334
4440
2333
2334
2336
2338
4443
2337
2338
4456
4460
2337
2338
4463
4464
4458
4466
2341
2343
2347
2350
2351
5454
2341
2344
2345
2353
3411
3415
3416
2343
2344
5457
2345
5458
2345
2356
2357
2348
2352
2913
5667
2348
2351
2914
3411
2349
2915
3413
2351
2352
3414
2351
2352
5670
3416
5672
2355
2357
2361
2364
2366
2355
2358
2359
2367
3418
3422
3423
2357
2358
2359
2359
2370
2371
2362
2365
2919
3412
2362
2366
2920
3418
2363
2921
3420
2365
2366
3421
2365
2366
3415
3417
3423
2369
2371
2375
2378
2380
2369
2372
2373
2381
3425
3429
3430
2371
2372
2373
2373
2384
2385
2376
2379
2925
3419
2376
2380
2926
3425
2377
2927
3427
2379
2380
3428
2379
2380
3422
3424
3430
2383
2385
2389
2392
2394
2383
2386
2387
2395
3432
3436
3437
2385
2386
2387
2387
2398
2399
2390
2393
2931
3426
2390
2394
2932
3432
2391
2933
3434
2393
2394
3435
2393
2394
3429
3431
3437
2397
2399
2403
2406
2408
2397
2400
2401
2409
3439
3443
3444
2399
2400
2401
2401
2412
2413
2404
2407
2937
3433
2404
2408
2938
3439
2405
2939
3441
2407
2408
3442
2407
2408
3436
3438
3444
2411
2413
2417
2420
2422
2411
2414
2415
2423
3446
3450
3451
2413
2414
2415
2415
2426
2427
2418
2421
2943
3440
2418
2422
2944
3446
2419
2945
3448
2421
2422
3449
2421
2422
3443
3445
3451
2425
2427
2431
2434
2436
2425
2428
2429
2437
3453
3457
3458
2427
2428
2429
2429
2440
2441
2432
2435
2949
3447
2432
2436
2950
3453
2433
2951
3455
2435
2436
3456
2435
2436
3450
3452
3458
2439
2441
2445
2448
2450
2439
2442
2443
2451
3460
3464
3465
2441
2442
2443
2443
2454
2455
2446
2449
2955
3454
2446
2450
2956
3460
2447
2957
3462
2449
2450
3463
2449
2450
3457
3459
3465
2453
2455
2459
2462
2464
2453
2456
2457
2465
3467
3471
3472
2455
2456
2457
2457
2468
2469
2460
2463
2961
3461
2460
2464
2962
3467
2461
2963
3469
2463
2464
3470
2463
2464
3464
3466
3472
2467
2469
2473
2476
2478
2467
2470
2471
2479
3474
3478
3479
2469
2470
2471
2471
2482
2483
2474
2477
2967
3468
2474
2478
2968
3474
2475
2969
3476
2477
2478
3477
2477
2478
3471
3473
3479
2481
2483
2487
2490
2492
2481
2484
2485
2493
3481
3485
3486
2483
2484
2485
2485
2496
2497
2488
2491
2973
3475
2488
2492
2974
3481
2489
2975
3483
2491
2492
3484
2491
2492
3478
3480
3486
2495
2497
2501
2504
2506
2495
2498
2499
3488
3492
3493
2497
2498
2499
2499
2502
2505
2979
3482
2502
2506
2980
3488
2503
2981
3490
2505
2506
3491
2505
2506
3485
3487
3493
2509
2512
2985
3489
2509
2513
2986
3495
2510
2987
3498
2512
2513
3500
2512
2513
3492
3494
3501
2516
2518
2516
2519
2520
2522
2535
2518
2519
2520
2524
2520
2536
2526
2537
2523
2525
2523
2526
2527
2529
2538
2525
2526
2527
2531
2527
2539
2533
2540
2530
2532
2530
2533
2534
2541
2532
2533
2534
2547
2534
2542
2548
2543
2549
2537
3506
2537
2539
2540
3512
2540
2542
2543
2545
3518
2543
2554
3015
2546
3013
2546
3015
3017
2549
2551
2549
2552
2553
2554
2551
2552
2553
2567
2553
2555
2568
2556
2569
2556
2558
2556
2574
3018
2559
3016
2559
3018
3020
2562
2564
2562
2565
2566
2564
2565
3026
3028
3030
2566
2595
2566
2596
2597
2569
2571
2569
2572
2573
2574
2571
2572
2573
2602
2573
2575
2603
2576
2604
2576
2578
2576
2609
3032
2579
3019
2579
3032
3034
2582
2583
2582
2583
5681
5683
2586
2588
4639
2586
2589
2590
2595
2588
2589
3036
3038
3039
4639
2590
2615
4639
2590
2598
2616
3043
3044
3046
2599
2617
2593
2594
2593
2594
2597
2599
2597
2600
2601
2599
2600
3061
3063
3065
2601
2601
2604
2606
2604
2607
2608
2609
2606
2607
2608
2622
2608
2610
2623
2611
2624
2611
2613
2611
2629
3067
2614
3033
2614
3067
3069
2617
2619
5484
2617
2620
2621
2619
2620
5487
2621
5488
2621
2624
2626
2624
2627
2628
2629
2626
2627
2628
2635
2628
2630
2636
2631
2637
2631
2633
2631
2642
3077
2634
3068
2634
3077
3079
2637
2639
2637
2640
2641
2642
2639
2640
2641
2648
2641
2643
2649
2644
2650
2644
2646
2644
2655
3080
2647
3078
2647
3080
3082
2650
2652
2650
2653
2654
2655
2652
2653
2654
2661
2654
2656
2662
2657
2663
2657
2659
2657
2668
3083
2660
3081
2660
3083
3085
2663
2665
2663
2666
2667
2668
2665
2666
2667
2674
2667
2669
2675
2670
2676
2670
2672
2670
2681
3086
2673
3084
2673
3086
3088
2676
2678
2676
2679
2680
2681
2678
2679
2680
2687
2680
2682
2688
2683
2689
2683
2685
2683
2694
3089
2686
3087
2686
3089
3091
2689
2691
2689
2692
2693
2694
2691
2692
2693
2798
2693
2695
2799
2696
2800
2696
2698
2696
2811
3092
2699
3090
2699
3092
3094
2702
2704
5517
2702
2705
2706
2707
2704
2705
5520
2706
3099
3100
3102
5521
2706
2710
2711
3106
3107
3109
2709
2711
2709
2712
2713
2714
2711
2712
2713
3121
3122
3124
2713
2717
2718
3128
3129
3131
2716
2718
2716
2719
2720
2721
2718
2719
2720
3143
3144
3146
2720
2724
2725
3150
3151
3153
2723
2725
2723
2726
2727
2728
2725
2726
2727
3165
3166
3168
2727
2731
2732
3172
3173
3175
2730
2732
2730
2733
2734
2735
2732
2733
2734
3187
3188
3190
2734
2738
2739
3194
3195
3197
2737
2739
2737
2740
2741
2742
2739
2740
2741
3209
3210
3212
2741
2745
2746
3216
3217
3219
2744
2746
2744
2747
2748
2749
2746
2747
2748
3231
3232
3234
2748
2752
2753
3238
3239
3241
2751
2753
2751
2754
2755
2756
2753
2754
2755
3253
3254
3256
2755
2759
2760
3260
3261
3263
2758
2760
2758
2761
2762
2763
2760
2761
2762
3275
3276
3278
2762
2766
2767
3282
3283
3285
2765
2767
2765
2768
2769
2770
2767
2768
2769
3297
3298
3300
2769
2773
2774
3304
3305
3307
2772
2774
2772
2775
2776
2777
2774
2775
2776
3319
3320
3322
2776
2780
2781
3326
3327
3329
2779
2781
2779
2782
2783
2781
2782
2783
3341
3342
3344
2783
3348
3349
3351
2786
2788
2786
2789
2790
2792
2805
2788
2789
2790
2794
2790
2806
2796
2807
2793
2795
2793
2796
2797
2799
2808
2795
2796
2797
2801
2797
2809
2803
2810
2800
2802
2800
2803
2804
2811
2802
2803
2804
2804
2812
2813
2807
2807
2901
2809
3384
2810
2810
2904
2812
3387
2813
2815
2813
2907
3095
3390
2816
3093
2816
3095
3097
2819
2821
5535
2819
2822
2823
2824
2821
2822
5538
2823
3113
3114
5539
2823
2827
2828
3117
3118
2826
2828
2826
2829
2830
2831
2828
2829
2830
3135
3137
2830
2834
2835
3139
3140
2833
2835
2833
2836
2837
2838
2835
2836
2837
3157
3159
2837
2841
2842
3161
3162
2840
2842
2840
2843
2844
2845
2842
2843
2844
3179
3181
2844
2848
2849
3183
3184
2847
2849
2847
2850
2851
2852
2849
2850
2851
3201
3203
2851
2855
2856
3205
3206
2854
2856
2854
2857
2858
2859
2856
2857
2858
3223
3225
2858
2862
2863
3227
3228
2861
2863
2861
2864
2865
2866
2863
2864
2865
3245
3247
2865
2869
2870
3249
3250
2868
2870
2868
2871
2872
2873
2870
2871
2872
3267
3269
2872
2876
2877
3271
3272
2875
2877
2875
2878
2879
2880
2877
2878
2879
3289
3291
2879
2883
2884
3293
3294
2882
2884
2882
2885
2886
2887
2884
2885
2886
3311
3313
2886
2890
2891
3315
3316
2889
2891
2889
2892
2893
2894
2891
2892
2893
3333
3335
2893
2897
2898
3337
3338
2896
2898
2896
2899
2900
2898
2899
2900
3355
3357
2900
3359
3360
2903
3384
2903
3386
2906
3387
2906
3385
3389
2909
3390
2909
3388
3392
2912
3096
2912
3391
2915
3592
5555
2915
2916
2918
3594
2918
3411
2918
2919
3412
3598
3413
3601
2921
3604
2921
2922
2924
3606
2924
3418
2924
2925
3419
3610
3420
3613
2927
3616
2927
2928
2930
3618
2930
3425
2930
2931
3426
3622
3427
3625
2933
3628
2933
2934
2936
3630
2936
3432
2936
2937
3433
3634
3434
3637
2939
3640
2939
2940
2942
3642
2942
3439
2942
2943
3440
3646
3441
3649
2945
3652
2945
2946
2948
3654
2948
3446
2948
2949
3447
3658
3448
3661
2951
3664
2951
2952
2954
3666
2954
3453
2954
2955
3454
3670
3455
3673
2957
3676
2957
2958
2960
3678
2960
3460
2960
2961
3461
3682
3462
3685
2963
3688
2963
2964
2966
3690
2966
3467
2966
2967
3468
3694
3469
3697
2969
3700
2969
2970
2972
3702
2972
3474
2972
2973
3475
3706
3476
3709
2975
3712
2975
2976
2978
3714
2978
3481
2978
2979
3482
3718
3483
3721
2981
3724
2981
2982
2984
3726
2984
3488
2984
2985
3489
3730
3490
3733
2987
3736
2987
2988
2990
3738
2990
3408
3495
2990
3496
3742
3765
3498
3745
2993
3747
2993
3749
2996
3750
2996
2998
3752
2999
3753
2999
3755
3002
3756
3002
3004
3758
3005
3759
3005
3761
3008
3762
3008
3010
3764
3011
3765
3011
3767
3014
3517
3014
3017
3017
3020
3020
3022
3024
3049
3023
4551
3024
4552
3052
3029
3030
3031
3029
3030
3029
3031
3054
3821
3822
3825
3030
3031
3055
3827
3829
3832
3057
3034
3034
3039
3040
3041
3042
3039
3041
4844
3040
3041
3071
4844
3039
3040
3044
3072
3046
3048
3074
3850
3851
3854
4844
3046
3047
3048
3046
3047
3061
3046
3048
3047
3048
3062
3858
3859
3860
3064
3864
3866
3868
3050
3052
3051
4558
3052
4560
3057
3058
3059
3060
3057
3058
3528
3529
3532
3057
3059
3058
3059
3061
3064
3534
3535
3538
3065
3064
3065
3066
3064
3065
3064
3066
3888
3889
3892
3065
3066
3894
3896
3899
3069
3069
3074
3075
3076
3074
3076
3562
3563
3565
5570
3074
3075
3075
3076
5571
5574
3079
3079
3082
3082
3085
3085
3088
3088
3091
3091
3094
3094
3097
3097
3102
3103
3104
3105
3102
3104
5639
3102
3103
3106
3103
3104
4030
4031
4033
5640
3109
3110
4036
4037
4040
5643
3109
3110
3111
3109
3110
3109
3111
3121
3110
3111
3123
4044
4045
4047
4050
4051
4054
3125
3114
3115
3116
3114
3115
5649
3118
5651
3118
3119
3118
3119
3135
3136
3124
3125
3126
3127
3124
3125
3124
3126
3128
3125
3126
4058
4059
4062
3131
3132
4064
4065
4068
3131
3132
3133
3131
3132
3131
3133
3143
3132
3133
3145
4072
4073
4075
4078
4079
4082
3147
3136
3137
3138
3136
3137
3140
3140
3141
3140
3141
3157
3158
3146
3147
3148
3149
3146
3147
3146
3148
3150
3147
3148
4086
4087
4090
3153
3154
4092
4093
4096
3153
3154
3155
3153
3154
3153
3155
3165
3154
3155
3167
4100
4101
4103
4106
4107
4110
3169
3158
3159
3160
3158
3159
3162
3162
3163
3162
3163
3179
3180
3168
3169
3170
3171
3168
3169
3168
3170
3172
3169
3170
4114
4115
4118
3175
3176
4120
4121
4124
3175
3176
3177
3175
3176
3175
3177
3187
3176
3177
3189
4128
4129
4131
4134
4135
4138
3191
3180
3181
3182
3180
3181
3184
3184
3185
3184
3185
3201
3202
3190
3191
3192
3193
3190
3191
3190
3192
3194
3191
3192
4142
4143
4146
3197
3198
4148
4149
4152
3197
3198
3199
3197
3198
3197
3199
3209
3198
3199
3211
4156
4157
4159
4162
4163
4166
3213
3202
3203
3204
3202
3203
3206
3206
3207
3206
3207
3223
3224
3212
3213
3214
3215
3212
3213
3212
3214
3216
3213
3214
4170
4171
4174
3219
3220
4176
4177
4180
3219
3220
3221
3219
3220
3219
3221
3231
3220
3221
3233
4184
4185
4187
4190
4191
4194
3235
3224
3225
3226
3224
3225
3228
3228
3229
3228
3229
3245
3246
3234
3235
3236
3237
3234
3235
3234
3236
3238
3235
3236
4198
4199
4202
3241
3242
4204
4205
4208
3241
3242
3243
3241
3242
3241
3243
3253
3242
3243
3255
4212
4213
4215
4218
4219
4222
3257
3246
3247
3248
3246
3247
3250
3250
3251
3250
3251
3267
3268
3256
3257
3258
3259
3256
3257
3256
3258
3260
3257
3258
4226
4227
4230
3263
3264
4232
4233
4236
3263
3264
3265
3263
3264
3263
3265
3275
3264
3265
3277
4240
4241
4243
4246
4247
4250
3279
3268
3269
3270
3268
3269
3272
3272
3273
3272
3273
3289
3290
3278
3279
3280
3281
3278
3279
3278
3280
3282
3279
3280
4254
4255
4258
3285
3286
4260
4261
4264
3285
3286
3287
3285
3286
3285
3287
3297
3286
3287
3299
4268
4269
4271
4274
4275
4278
3301
3290
3291
3292
3290
3291
3294
3294
3295
3294
3295
3311
3312
3300
3301
3302
3303
3300
3301
3300
3302
3304
3301
3302
4282
4283
4286
3307
3308
4288
4289
4292
3307
3308
3309
3307
3308
3307
3309
3319
3308
3309
3321
4296
4297
4299
4302
4303
4306
3323
3312
3313
3314
3312
3313
3316
3316
3317
3316
3317
3333
3334
3322
3323
3324
3325
3322
3323
3322
3324
3326
3323
3324
4310
4311
4314
3329
3330
4316
4317
4320
3329
3330
3331
3329
3330
3329
3331
3341
3330
3331
3343
4324
4325
4327
4330
4331
4334
3345
3334
3335
3336
3334
3335
3338
3338
3339
3338
3339
3355
3356
3344
3345
3346
3347
3344
3345
3344
3346
3348
3345
3346
4338
4339
4342
3351
3352
4344
4345
4348
3351
3352
3353
3351
3352
3351
3353
3363
3352
3353
3365
4352
4353
4355
4358
4359
4362
3367
3356
3357
3358
3356
3357
3360
3360
3361
3360
3361
3377
3378
3366
3367
3368
3369
3366
3367
3366
3368
3370
3367
3368
4366
4367
4370
3373
3374
4372
4373
4376
3373
3374
3375
3373
3374
3373
3375
3374
3375
4380
4381
4383
4386
4387
4390
3378
3379
3380
3378
3379
3382
3382
3383
3382
3383
3587
3588
3386
3386
3389
3389
3392
3392
3395
3396
3747
4467
3395
4468
3398
4470
3398
3750
4474
3398
3400
4475
4477
3401
3402
3753
4481
3401
4482
3404
4484
3404
3756
4488
3404
3406
4489
4491
3407
3409
3759
4495
3407
4496
3410
4498
3410
4502
3410
3762
4503
4505
3413
3416
3413
3417
3414
3416
3417
3416
3417
3420
3423
3420
3424
3421
3423
3424
3423
3424
3427
3430
3427
3431
3428
3430
3431
3430
3431
3434
3437
3434
3438
3435
3437
3438
3437
3438
3441
3444
3441
3445
3442
3444
3445
3444
3445
3448
3451
3448
3452
3449
3451
3452
3451
3452
3455
3458
3455
3459
3456
3458
3459
3458
3459
3462
3465
3462
3466
3463
3465
3466
3465
3466
3469
3472
3469
3473
3470
3472
3473
3472
3473
3476
3479
3476
3480
3477
3479
3480
3479
3480
3483
3486
3483
3487
3484
3486
3487
3486
3487
3490
3493
3490
3494
3491
3493
3494
3493
3494
3498
3501
4502
3498
3499
3499
3501
4504
3500
3500
3501
4506
3504
3504
3506
3507
3507
3508
3507
3510
3510
3512
3513
3513
3514
3513
3516
3516
3518
3519
3519
3519
3522
4585
3522
4587
3525
4588
3525
4591
4590
4593
3530
3531
3532
3533
3530
3531
3820
3530
3532
3822
3531
3532
3535
3823
3537
3538
3537
3538
3539
3538
3539
3894
3537
3538
3537
3539
3895
3897
3542
3544
3542
3545
3543
3544
3545
3550
3551
3554
4585
4586
4587
3550
3551
3552
3557
3550
3552
3551
3552
3558
3559
3556
3558
4588
4589
4590
3558
3559
4591
4592
4593
3556
3559
3557
3558
3559
3564
3565
3566
3564
3566
5765
3564
3565
3565
3566
5767
5770
3568
3570
3569
3572
3570
3573
3572
3574
3575
3573
3574
3578
3576
3578
3577
3580
3578
3581
3580
3582
3583
3581
3582
3586
3584
3586
3585
3589
3586
3590
3588
3589
3590
3590
3593
5741
3593
3594
3596
3596
3596
3600
3599
3603
3599
3601
3602
3602
3602
3605
3605
3606
3608
3608
3608
3612
3611
3615
3611
3613
3614
3614
3614
3617
3617
3618
3620
3620
3620
3624
3623
3627
3623
3625
3626
3626
3626
3629
3629
3630
3632
3632
3632
3636
3635
3639
3635
3637
3638
3638
3638
3641
3641
3642
3644
3644
3644
3648
3647
3651
3647
3649
3650
3650
3650
3653
3653
3654
3656
3656
3656
3660
3659
3663
3659
3661
3662
3662
3662
3665
3665
3666
3668
3668
3668
3672
3671
3675
3671
3673
3674
3674
3674
3677
3677
3678
3680
3680
3680
3684
3683
3687
3683
3685
3686
3686
3686
3689
3689
3690
3692
3692
3692
3696
3695
3699
3695
3697
3698
3698
3698
3701
3701
3702
3704
3704
3704
3708
3707
3711
3707
3709
3710
3710
3710
3713
3713
3714
3716
3716
3716
3720
3719
3723
3719
3721
3722
3722
3722
3725
3725
3726
3728
3728
3728
3732
3731
3735
3731
3733
3734
3734
3734
3737
3737
3738
3740
3740
3740
3744
3743
3768
3743
3745
3746
3746
3746
3749
3749
3751
3752
3752
3755
3755
3757
3758
3758
3761
3761
3763
3764
3764
3767
3767
3769
3770
3770
3773
3774
3775
3773
3774
3780
3777
3781
3777
3778
3777
3778
4537
4539
3781
3782
3783
3781
3782
3785
3785
3786
3785
3786
3792
3794
3789
3790
3791
3789
3790
3796
3793
3797
3793
3794
3793
3794
3797
3798
3799
3797
3798
3801
3801
3802
3801
3802
3808
3810
3805
3806
3807
3805
3806
3812
3809
3813
3809
3810
3809
3810
3813
3814
3815
3813
3814
3817
3817
3818
3817
3818
3838
3840
3823
3824
3825
3826
3823
3824
3824
3825
3829
3823
3825
3831
3832
3830
3831
3832
3830
3832
3830
3831
3831
3832
3835
3836
3837
3835
3836
3842
3839
3843
3839
3840
3839
3840
3843
3844
3845
3843
3844
3847
3847
3848
3847
3848
3905
3907
3853
3854
3855
3854
3855
3864
3853
3854
3853
3855
3865
3867
3860
3861
3862
3863
3861
3862
3887
3860
3861
3888
3860
3862
3866
3868
3891
3869
3867
3868
3869
3867
3868
3867
3869
3868
3869
3872
3873
3874
3872
3873
3876
3876
3877
3876
3877
3883
3885
3880
3881
3882
3880
3881
4557
3884
4559
3884
3885
3884
3885
3890
3891
3892
3893
3890
3891
3891
3892
3896
3890
3892
3898
3899
3897
3898
3899
3897
3899
3897
3898
3898
3899
3902
3903
3904
3902
3903
3909
3906
3910
3906
3907
3906
3907
3910
3911
3912
3910
3911
3914
3914
3915
3914
3915
3921
3923
3918
3919
3920
3918
3919
3925
3922
3926
3922
3923
3922
3923
3926
3927
3928
3926
3927
3930
3930
3931
3930
3931
3937
3939
3934
3935
3936
3934
3935
3941
3938
3942
3938
3939
3938
3939
3942
3943
3944
3942
3943
3946
3946
3947
3946
3947
3953
3955
3950
3951
3952
3950
3951
3957
3954
3958
3954
3955
3954
3955
3958
3959
3960
3958
3959
3962
3962
3963
3962
3963
3969
3971
3966
3967
3968
3966
3967
3973
3970
3974
3970
3971
3970
3971
3974
3975
3976
3974
3975
3978
3978
3979
3978
3979
3985
3987
3982
3983
3984
3982
3983
3989
3986
3990
3986
3987
3986
3987
3990
3991
3992
3990
3991
3994
3994
3995
3994
3995
4001
4003
3998
3999
4000
3998
3999
4005
4002
4006
4002
4003
4002
4003
4006
4007
4008
4006
4007
4010
4010
4011
4010
4011
4017
4019
4014
4015
4016
4014
4015
4021
4018
4022
4018
4019
4018
4019
4022
4023
4024
4022
4023
4026
4026
4027
4026
4027
4445
4447
4032
4033
4034
4035
4032
4034
5875
4032
4033
4037
4033
4034
5877
4039
4040
5880
4039
4040
4041
4040
4041
4050
4039
4040
4039
4041
4052
4055
4046
4047
4048
4049
4046
4048
4057
4046
4047
4051
4047
4048
4058
4053
4054
4061
4053
4054
4055
4054
4055
4053
4054
4053
4055
4060
4061
4062
4063
4060
4061
4061
4062
4060
4062
4065
4067
4068
4067
4068
4069
4068
4069
4078
4067
4068
4067
4069
4080
4083
4074
4075
4076
4077
4074
4076
4085
4074
4075
4079
4075
4076
4086
4081
4082
4089
4081
4082
4083
4082
4083
4081
4082
4081
4083
4088
4089
4090
4091
4088
4089
4089
4090
4088
4090
4093
4095
4096
4095
4096
4097
4096
4097
4106
4095
4096
4095
4097
4108
4111
4102
4103
4104
4105
4102
4104
4113
4102
4103
4107
4103
4104
4114
4109
4110
4117
4109
4110
4111
4110
4111
4109
4110
4109
4111
4116
4117
4118
4119
4116
4117
4117
4118
4116
4118
4121
4123
4124
4123
4124
4125
4124
4125
4134
4123
4124
4123
4125
4136
4139
4130
4131
4132
4133
4130
4132
4141
4130
4131
4135
4131
4132
4142
4137
4138
4145
4137
4138
4139
4138
4139
4137
4138
4137
4139
4144
4145
4146
4147
4144
4145
4145
4146
4144
4146
4149
4151
4152
4151
4152
4153
4152
4153
4162
4151
4152
4151
4153
4164
4167
4158
4159
4160
4161
4158
4160
4169
4158
4159
4163
4159
4160
4170
4165
4166
4173
4165
4166
4167
4166
4167
4165
4166
4165
4167
4172
4173
4174
4175
4172
4173
4173
4174
4172
4174
4177
4179
4180
4179
4180
4181
4180
4181
4190
4179
4180
4179
4181
4192
4195
4186
4187
4188
4189
4186
4188
4197
4186
4187
4191
4187
4188
4198
4193
4194
4201
4193
4194
4195
4194
4195
4193
4194
4193
4195
4200
4201
4202
4203
4200
4201
4201
4202
4200
4202
4205
4207
4208
4207
4208
4209
4208
4209
4218
4207
4208
4207
4209
4220
4223
4214
4215
4216
4217
4214
4216
4225
4214
4215
4219
4215
4216
4226
4221
4222
4229
4221
4222
4223
4222
4223
4221
4222
4221
4223
4228
4229
4230
4231
4228
4229
4229
4230
4228
4230
4233
4235
4236
4235
4236
4237
4236
4237
4246
4235
4236
4235
4237
4248
4251
4242
4243
4244
4245
4242
4244
4253
4242
4243
4247
4243
4244
4254
4249
4250
4257
4249
4250
4251
4250
4251
4249
4250
4249
4251
4256
4257
4258
4259
4256
4257
4257
4258
4256
4258
4261
4263
4264
4263
4264
4265
4264
4265
4274
4263
4264
4263
4265
4276
4279
4270
4271
4272
4273
4270
4272
4281
4270
4271
4275
4271
4272
4282
4277
4278
4285
4277
4278
4279
4278
4279
4277
4278
4277
4279
4284
4285
4286
4287
4284
4285
4285
4286
4284
4286
4289
4291
4292
4291
4292
4293
4292
4293
4302
4291
4292
4291
4293
4304
4307
4298
4299
4300
4301
4298
4300
4309
4298
4299
4303
4299
4300
4310
4305
4306
4313
4305
4306
4307
4306
4307
4305
4306
4305
4307
4312
4313
4314
4315
4312
4313
4313
4314
4312
4314
4317
4319
4320
4319
4320
4321
4320
4321
4330
4319
4320
4319
4321
4332
4335
4326
4327
4328
4329
4326
4328
4337
4326
4327
4331
4327
4328
4338
4333
4334
4341
4333
4334
4335
4334
4335
4333
4334
4333
4335
4340
4341
4342
4343
4340
4341
4341
4342
4340
4342
4345
4347
4348
4347
4348
4349
4348
4349
4358
4347
4348
4347
4349
4360
4363
4354
4355
4356
4357
4354
4356
4365
4354
4355
4359
4355
4356
4366
4361
4362
4369
4361
4362
4363
4362
4363
4361
4362
4361
4363
4368
4369
4370
4371
4368
4369
4369
4370
4368
4370
4373
4375
4376
4375
4376
4377
4376
4377
4386
4375
4376
4375
4377
4388
4391
4382
4383
4384
4385
4382
4384
4461
4382
4383
4387
4383
4384
4462
4389
4390
4465
4389
4390
4391
4390
4391
4389
4390
4389
4391
4394
4395
4396
4394
4395
4401
4398
4403
4398
4399
4398
4399
4402
4403
4404
4402
4403
4406
4406
4407
4406
4407
4413
4415
4410
4411
4412
4410
4411
4417
4414
4419
4414
4415
4414
4415
4418
4419
4420
4418
4419
4422
4422
4423
4422
4423
4429
4431
4426
4427
4428
4426
4427
4433
4430
4435
4430
4431
4430
4431
4434
4435
4436
4434
4435
4438
4438
4439
4438
4439
4453
4455
4442
4443
4444
4442
4443
4457
4446
4458
4446
4447
4446
4447
4450
4451
4452
4450
4451
4457
4454
4459
4454
4455
4454
4455
4458
4459
4458
4459
4464
4465
4466
4464
4465
4465
4466
4464
4466
4470
4471
4474
4470
4473
4471
4473
4472
4477
4472
4478
4473
4479
4477
4478
4477
4480
4482
4478
4480
4483
4479
4479
4480
4487
4484
4485
4488
4484
4487
4485
4487
4486
4491
4486
4492
4487
4493
4491
4492
4491
4494
4496
4492
4494
4497
4493
4493
4494
4501
4498
4499
4503
4498
4501
4499
4501
4500
4505
4500
4507
4501
4508
4505
4506
4505
4507
4506
4507
4508
4508
4508
4510
4512
4511
4514
4512
4515
4514
4516
4565
4515
4516
4568
4518
4520
4561
4519
4522
4520
4523
4564
4522
4524
4573
4523
4524
4576
4526
4528
4569
4527
4530
4528
4531
4572
4530
4532
4581
4531
4532
4584
4534
4536
4577
4535
4538
4536
4540
4580
4538
4539
4540
4540
4542
4544
4543
4546
4544
4547
4546
4548
4553
4547
4548
4556
4550
4551
4552
4554
4552
4555
4554
4556
4555
4556
4558
4559
4560
4560
4562
4564
4563
4566
4564
4567
4566
4568
4567
4568
4570
4572
4571
4574
4572
4575
4574
4576
4575
4576
4578
4580
4579
4582
4580
4583
4582
4584
4583
4584
4587
4587
4592
4590
4590
4593
4593
4595
4596
4604
4597
4605
5430
5432
4597
4600
4608
4598
4601
4609
5439
5441
5443
5430
5438
5439
5441
4722
4780
5438
5445
5446
5449
4601
4612
4602
4613
5453
5455
5457
5439
5452
5453
5455
4726
4785
5452
5459
5460
5463
4605
4608
4979
4980
4606
4609
4798
4799
4607
4610
4616
5432
5433
4611
4617
4782
4783
4609
4612
4618
4983
4984
4985
4610
4613
4619
4802
4803
4804
4611
4614
4620
5441
5442
5443
5444
4615
4621
4787
4788
4789
4790
4613
4622
4990
4991
4992
4614
4623
4809
4810
4811
4615
4624
5455
5456
5457
5458
4625
4794
4795
4796
4797
4617
4620
4799
4801
5466
5467
4621
4626
4979
4983
4984
4986
4798
4802
4803
4805
4983
4621
4624
4629
4802
4804
4806
4808
4625
4630
4984
4990
4991
4993
4803
4809
4810
4812
4990
4625
4633
4809
4811
4813
4815
4634
4630
4636
5467
5469
4816
4819
4986
5188
5189
5190
5191
4730
4805
4818
4822
4823
5199
5200
5203
5204
4630
4633
4637
4733
4735
4736
4737
5466
5467
5468
5469
4634
4638
4819
4829
4993
5216
5217
5218
5219
4734
4812
4828
4832
4833
5227
5228
5231
5232
4634
4639
4738
4740
4741
4742
4640
4636
4637
4641
4838
4840
5468
5469
4638
4642
4638
4639
4644
5001
5002
5004
5006
4640
4645
4640
4646
4841
4842
4843
4844
5482
5483
5484
4647
4642
4644
4846
4847
5489
5490
4645
4648
4845
4848
5003
5695
5696
5699
5700
4645
4646
4649
4848
4849
4850
4851
5482
5485
5486
4647
4650
4743
5482
5483
5485
4652
5482
5484
5486
5488
4650
4654
5490
5492
4650
4651
4657
4753
4754
4756
4758
5489
5490
5491
5492
5497
5500
5501
4652
4658
4765
5485
5497
5498
5500
4662
5497
5499
5501
5503
4654
4657
4665
5020
5022
5491
5492
4658
4666
4656
4659
4667
4858
4859
4860
4861
5015
5016
5017
5018
5024
5026
5028
5030
5033
5034
4755
5019
5023
5024
5026
5095
5096
5099
4658
4661
4669
5023
5025
5027
5029
4662
4670
4761
5030
5031
5033
4768
5024
5030
5037
5038
5040
5127
5128
5131
4662
4673
5037
5039
5041
5043
5500
5501
5502
5503
4674
4664
4667
4675
5017
5018
4665
4668
4676
5021
5022
4666
4669
4677
4670
4678
4668
4671
4679
4669
4672
4680
5026
5027
5028
5029
4670
4673
4681
4674
4682
4672
4683
5033
5034
5035
5036
4673
4684
5040
5041
5042
5043
4674
4685
4686
4676
4679
4687
4677
4680
4688
4678
4681
4689
4682
4690
4680
4683
4691
4681
4684
4692
4682
4685
4693
4686
4694
4684
4695
4685
4696
4686
4697
4698
4688
4691
4699
4689
4692
4700
4690
4693
4701
4694
5504
5505
4692
4695
4702
4693
4696
4703
4694
4697
4704
4698
4705
5508
5509
5510
4696
4706
4697
4707
4698
4708
4709
5515
5516
5517
4700
4702
4710
4701
4703
4711
4704
5504
5506
5522
5523
4703
4706
4712
4704
4707
4713
4705
4708
4714
5509
5511
5513
5526
5527
5528
5504
5508
5509
5511
4707
4716
4708
4717
4709
4718
5516
5518
5520
5533
5534
5535
5509
5515
5516
5518
4711
4712
4713
5522
5524
4713
4716
4714
4717
5527
5529
5531
5522
5526
5527
5529
4772
4775
5511
5526
5608
5609
5612
5613
5622
5623
5624
5625
4717
4718
5534
5536
5538
5527
5533
5534
5536
4775
4778
5518
5533
5630
5631
5634
5635
5644
5645
5646
5647
4722
4780
5542
5543
4723
4781
5044
5045
5545
5546
4784
5047
5048
4726
4785
5548
5549
4727
4786
5050
5051
5551
5552
4791
5053
5054
4792
5554
5555
4793
5056
5057
4800
4817
4892
4893
5308
5309
5312
5313
4733
4801
4891
4893
4895
4897
5466
5561
5562
5565
5566
4736
4838
5468
5562
5563
5564
4735
4736
4806
4821
4822
4825
4826
4807
4820
4905
4906
5322
5323
5326
5327
4737
4738
4808
4904
4906
4908
4910
4737
5001
5059
5060
5061
5062
5562
5564
5566
4741
5002
5063
5064
5065
5066
4740
4741
4813
4831
4832
4835
4836
4814
4830
4912
4913
5336
5337
5340
5342
4742
4815
4911
4913
4915
4917
4742
4841
5067
5068
5069
5070
4842
5071
5072
5073
5074
4745
4843
4849
5007
5008
5009
5010
5568
5569
5572
5573
4844
5483
5569
5570
5571
4765
4851
5075
5076
5077
5078
5485
5575
5577
5579
5580
4766
4853
4924
4925
5355
5356
5357
5358
4767
5487
5576
5577
5578
4749
4858
5015
5582
5583
5584
5585
4751
4859
5016
5079
5080
5081
5082
5083
5087
5088
5090
4752
4753
4847
4930
4931
4933
4935
5489
5586
5587
5588
5589
4755
5019
5087
5088
5089
4756
5020
5086
5089
5091
5092
5491
4754
4756
4850
4862
4863
4865
4866
4758
4765
4851
4936
4937
4939
4941
4859
5094
5095
5096
4758
5023
5093
5095
5097
5099
4768
4861
5024
5101
5102
5103
4769
5025
5100
5103
5105
5106
4852
4943
4944
5792
5793
5794
5795
4766
4853
4948
4949
5800
5801
5802
5803
4762
4860
5011
5012
5013
5014
5111
5113
5115
5116
4768
4861
5030
5107
5108
5109
5110
5118
5120
5122
5123
5126
5128
5130
5031
5112
5113
5114
4770
5032
5119
5120
5121
4769
4868
4869
4871
4872
5590
5591
5594
5595
4953
4954
5419
5420
5421
5422
5498
5591
5592
5593
5126
5127
5128
4771
5037
5125
5127
5129
5131
5500
5038
5133
5134
5135
5039
5132
5135
5137
5138
5502
5590
5593
5595
5596
5506
5523
5597
5599
5601
5603
5604
5605
5606
5607
4774
5507
5598
5599
5600
5512
5609
5610
5611
5513
5528
5615
5617
5619
5621
5626
5627
5628
5629
4777
5514
5616
5617
5618
5519
5631
5632
5633
5520
5535
5637
5639
5641
5643
5648
5649
5650
5651
5521
5638
5639
5640
5431
5652
5653
5656
4784
5044
5045
5046
5143
5144
5147
4783
4787
5433
5655
5656
5657
5658
4788
5146
5147
5148
5149
5047
5048
5049
5150
5151
5154
5440
5659
5660
5663
4791
5050
5051
5052
5157
5158
5161
4788
4789
5442
5448
5449
5450
5451
4790
5153
5154
5155
5156
4790
4794
5444
5662
5663
5664
5665
4795
5160
5161
5162
5163
5053
5054
5055
5164
5165
5168
5454
5666
5667
5670
5056
5057
5058
5171
5172
5175
4795
4796
5456
5462
5463
5464
5465
4797
5167
5168
5169
5170
4797
5458
5669
5670
5671
5672
5174
5175
5176
5177
4799
4800
4980
4801
4802
4801
4805
4892
4893
4895
4982
4806
4804
4806
4804
4807
4985
4808
4809
4806
4807
4822
4823
4825
4987
4808
4808
4812
4905
4906
4908
4989
4813
4811
4813
4811
4814
4992
4815
4813
4814
4832
4833
4835
4994
4815
4815
4912
4913
4915
4996
4981
5181
5182
5183
5184
4818
4982
5178
5179
5182
4987
5185
5186
5189
4988
5195
5196
5197
5198
4828
4989
5192
5193
5196
4825
4826
4904
5059
5206
5207
5211
5212
4825
4826
4893
4825
4905
5185
5206
5208
5210
5211
4894
5186
5200
5201
5202
4908
4897
5061
5199
5201
5204
5205
4909
5187
5207
5208
5209
4994
5213
5214
5217
4995
5223
5224
5225
5226
4996
5220
5221
5224
4835
4836
4911
5067
5234
5235
5239
5240
4835
4836
4906
4835
4912
5213
5234
5236
5238
5239
4907
5214
5228
5229
5230
4915
4910
5069
5227
5229
5232
5233
4916
5215
5235
5236
5237
4840
5001
5563
5564
5567
5677
5678
5679
5680
4840
4845
5003
5679
5680
4846
5004
4842
4843
5002
5476
5477
5478
5479
4844
5681
5682
5683
5684
4844
5006
5685
5686
5687
5688
5241
5242
5243
5244
5569
5570
5572
4846
5480
5481
5691
5692
4847
4848
4850
5689
5690
5691
5692
4849
4850
5004
4851
5006
5693
5694
5695
5696
4851
5697
5698
5699
5700
5701
5702
5703
5704
5707
5708
5710
5249
5250
5900
5901
5902
5903
4928
5582
4856
4930
5084
5253
5255
5586
4933
5245
5588
4929
4934
5085
5253
5254
4859
4860
5493
5494
5495
5496
4861
5094
5096
5098
5256
5257
5258
5259
4861
5712
5713
5714
5715
5101
5102
5104
5260
5261
5262
5263
4865
4866
4936
5093
5271
5272
5276
5277
4865
4866
4931
5697
4932
5094
5256
5265
5266
5267
4939
5698
4935
5097
5264
5266
5269
5270
4940
5098
5258
5272
5273
5274
4871
4872
4952
5125
5285
5286
5290
5291
4871
4872
4937
5076
4938
5108
5126
5279
5280
5281
4955
5078
5809
5810
5812
4941
5129
5278
5280
5282
5284
4956
5110
5130
5286
5287
5288
4876
5139
5292
4878
5140
5541
5716
5143
5293
5294
4879
5144
5543
5717
5718
5145
5544
5720
5721
5150
5545
5723
5724
4882
5151
5296
5297
4884
5152
5547
5726
5727
5157
5299
5300
4885
5158
5549
5729
5730
5159
5550
5732
5733
5164
5551
5735
5736
4888
5165
5302
5303
4890
5166
5553
5738
5739
5171
5305
5306
5172
5555
5741
5742
5173
5556
5744
5745
4895
4897
4900
4997
5315
5316
5320
5321
5751
5752
5754
4895
4998
5178
5315
5317
5319
5320
4895
4897
5179
5309
5310
5311
4999
5000
5180
5316
5317
5318
4902
5308
5311
5313
5314
4900
4997
5557
5747
5748
4903
5470
5560
5748
5749
5561
5751
5752
5753
4902
4903
5060
5564
5677
5061
5566
5750
5752
5754
5756
5567
5678
5750
5753
5755
5756
4908
4910
5063
5329
5330
5334
5335
4908
5192
5329
5331
5333
5334
4908
4910
5193
5323
5324
5325
5194
5330
5331
5332
5065
5322
5325
5327
5328
4915
4917
5071
5343
5344
5348
5349
4915
5220
5343
5345
5347
5348
4915
4917
5221
5337
5338
5339
5222
5344
5345
5346
5074
5336
5339
5341
5342
4923
5007
5568
5758
5759
5760
5241
5570
5765
5766
5767
4924
5247
5350
5351
5352
5009
5242
5572
5757
5758
5761
5762
5764
5766
5768
5769
4927
5574
5772
5773
5774
5075
5575
5779
5780
5781
4927
5249
5351
5352
5353
5359
5360
5361
5362
4927
4953
5578
5785
5788
5790
5791
4955
5078
5580
5786
5787
5788
5581
5772
5774
5776
5778
5781
5782
5784
4929
5079
5081
5083
5254
4933
4935
5086
5370
5371
5374
5376
4933
4935
5689
5080
5087
5364
5365
5366
5690
5081
5090
5371
5372
5373
5091
5363
5366
5367
5369
4939
4941
5100
5384
5385
5389
5390
4939
4941
5701
5101
5260
5378
5379
5380
5703
5104
5261
5385
5386
5387
5105
5377
5380
5382
5383
4947
5011
5111
5392
5393
5394
4946
4948
5708
5796
5797
5798
5799
4946
5112
5398
5401
5403
5404
5014
5116
5399
5400
5401
4951
5117
5391
5394
5396
5397
5107
5118
5406
5407
5408
4951
5250
5804
5805
5806
5807
4951
4954
5119
5412
5415
5417
5418
4956
5110
5122
5413
5414
5415
5124
5405
5408
5410
5411
4957
5132
5423
5424
5427
5429
5590
5808
5809
5812
5814
4957
5592
5808
5811
5813
5814
4957
5133
5423
5426
5428
5429
5594
5809
5810
5811
5136
5424
5425
5426
5138
5596
4961
5815
5816
4962
5597
5604
5825
5826
5830
5831
4964
5600
5819
5820
5821
5602
5826
5827
5828
4965
5603
5607
5818
5821
5823
5824
4965
4967
5608
5622
5839
5840
5844
5845
5611
5833
5834
5835
5613
5624
5832
5834
5837
5838
4969
5614
5840
5841
5842
4970
5615
5626
5853
5854
5858
5859
4972
5618
5847
5848
5849
5620
5854
5855
5856
4973
5621
5629
5846
5849
5851
5852
4973
4975
5630
5644
5867
5868
5872
5873
5633
5861
5862
5863
5635
5646
5860
5862
5865
5866
4977
5636
5868
5869
5870
4978
5637
5648
5881
5882
5886
5887
5640
5875
5876
5877
5642
5882
5883
5884
5643
5651
5874
5877
5879
5880
4980
4981
4982
4983
4982
4986
4987
5178
5182
5183
4985
4987
4985
4988
4989
4990
4987
4988
4989
5185
5189
5190
4989
4993
4994
5192
5196
5197
4992
4994
4992
4995
4996
4994
4995
4996
5213
5217
5218
4996
5220
5224
5225
4999
5747
5888
5890
4999
5673
5889
5890
5674
5888
5889
5002
5004
5472
5473
5474
5475
5006
5891
5892
5893
5894
5004
5005
5474
5475
5006
5006
5685
5688
5693
5696
5893
5894
5009
5010
5075
5758
5759
5761
5009
5010
5685
5693
5686
5077
5694
5013
5014
5107
5392
5393
5395
5013
5014
5712
5109
5713
5399
5400
5402
5016
5017
5018
5019
5018
5021
5020
5021
5088
5089
5092
5022
5023
5022
5026
5027
5025
5027
5025
5028
5102
5103
5106
5029
5037
5027
5028
5029
5029
5040
5041
5032
5034
5032
5035
5113
5114
5115
5036
5038
5120
5121
5123
5034
5035
5036
5040
5036
5042
5039
5041
5039
5042
5134
5135
5137
5043
5041
5042
5043
5043
5046
5293
5046
5047
5717
5295
5719
5049
5723
5049
5296
5298
5725
5052
5299
5052
5053
5729
5301
5731
5055
5735
5055
5302
5304
5737
5058
5305
5058
5741
5307
5743
5061
5062
5063
5061
5062
5472
5066
5473
5065
5066
5065
5066
5068
5891
5069
5892
5069
5070
5071
5069
5070
5476
5073
5477
5073
5074
5073
5074
5681
5682
5077
5078
5779
5780
5783
5077
5078
5701
5702
5786
5787
5789
5081
5082
5582
5081
5082
5256
5364
5365
5368
5372
5373
5375
5257
5584
5085
5085
5086
5090
5253
5090
5091
5092
5090
5091
5094
5365
5366
5369
5090
5092
5091
5092
5095
5371
5373
5376
5097
5097
5098
5099
5100
5097
5098
5266
5267
5270
5097
5099
5098
5099
5102
5104
5272
5274
5277
5106
5104
5105
5106
5104
5105
5126
5379
5380
5383
5104
5106
5105
5106
5127
5385
5387
5390
5129
5109
5110
5406
5407
5409
5109
5110
5260
5279
5281
5283
5262
5287
5288
5289
5413
5414
5416
5115
5116
5117
5118
5393
5394
5397
5116
5117
5115
5116
5115
5117
5121
5123
5399
5401
5403
5124
5122
5123
5124
5407
5408
5411
5122
5124
5133
5122
5123
5134
5123
5124
5136
5413
5415
5417
5129
5130
5131
5132
5129
5130
5280
5281
5284
5129
5131
5130
5131
5134
5136
5286
5288
5291
5137
5136
5137
5138
5136
5138
5136
5137
5137
5138
5424
5426
5429
5140
5142
5143
5292
5141
5145
5435
5716
5142
5146
5436
5148
5145
5148
5293
5294
5295
5145
5149
5150
5653
5717
5718
5719
5146
5654
5720
5721
5722
5148
5149
5655
5148
5149
5154
5155
5658
5152
5155
5445
5723
5724
5725
5152
5156
5157
5296
5297
5298
5153
5159
5447
5726
5727
5728
5155
5156
5160
5448
5155
5156
5450
5162
5159
5162
5299
5300
5301
5159
5163
5164
5660
5729
5730
5731
5160
5661
5732
5733
5734
5162
5163
5662
5162
5163
5168
5169
5665
5166
5169
5459
5735
5736
5737
5166
5170
5171
5302
5303
5304
5167
5173
5461
5738
5739
5740
5169
5170
5174
5462
5169
5170
5464
5176
5173
5176
5305
5306
5307
5173
5177
5667
5741
5742
5743
5174
5668
5744
5745
5746
5176
5177
5669
5176
5177
5672
5180
5183
5673
5180
5184
5186
5309
5310
5312
5181
5317
5318
5319
5674
5183
5184
5675
5183
5184
5189
5676
5191
5187
5190
5192
5187
5191
5200
5202
5203
5188
5194
5208
5209
5210
5190
5191
5195
5190
5191
5197
5194
5197
5194
5198
5214
5323
5324
5326
5195
5331
5332
5333
5197
5198
5197
5198
5217
5219
5203
5204
5205
5206
5203
5204
5309
5204
5205
5311
5203
5205
5209
5210
5313
5212
5210
5211
5212
5211
5212
5330
5210
5211
5331
5210
5212
5334
5215
5218
5220
5215
5219
5228
5230
5231
5216
5222
5236
5237
5238
5218
5219
5223
5218
5219
5225
5222
5225
5222
5226
5337
5338
5340
5223
5345
5346
5347
5225
5226
5225
5226
5231
5232
5233
5234
5231
5232
5323
5232
5233
5325
5231
5233
5237
5238
5327
5240
5238
5239
5240
5239
5240
5344
5238
5239
5345
5238
5240
5348
5242
5243
5765
5766
5768
5244
5686
5244
5683
5684
5687
5246
5690
5480
5691
5249
5895
5896
5897
5252
5706
5897
5898
5899
5252
5896
5897
5898
5904
5905
5906
5907
5251
5252
5708
5709
5805
5806
5902
5903
5711
5255
5371
5255
5372
5374
5257
5258
5265
5267
5268
5259
5494
5259
5261
5273
5274
5275
5263
5495
5261
5262
5378
5379
5381
5263
5386
5387
5388
5263
5713
5714
5268
5269
5270
5271
5268
5269
5364
5269
5270
5366
5268
5270
5274
5275
5367
5277
5275
5276
5277
5276
5277
5385
5275
5276
5386
5275
5277
5389
5282
5283
5284
5285
5282
5283
5378
5282
5284
5380
5283
5284
5288
5382
5289
5291
5289
5290
5291
5290
5291
5424
5289
5290
5425
5289
5291
5427
5294
5716
5295
5295
5720
5722
5298
5298
5300
5727
5728
5301
5301
5732
5734
5304
5304
5306
5739
5740
5307
5307
5744
5746
5312
5313
5314
5315
5312
5313
5312
5314
5318
5313
5314
5319
5321
5319
5320
5321
5320
5321
5888
5319
5320
5889
5319
5321
5890
5326
5327
5328
5329
5326
5327
5326
5328
5332
5327
5328
5333
5335
5333
5334
5335
5334
5335
5333
5334
5333
5335
5340
5341
5342
5343
5340
5342
5340
5341
5346
5341
5342
5347
5349
5347
5348
5349
5348
5349
5347
5348
5347
5349
5354
5895
5353
5896
5353
5354
5774
5776
5777
5357
5358
5359
5785
5357
5358
5420
5900
5361
5901
5421
5791
5361
5362
5778
5361
5362
5904
5905
5782
5367
5368
5369
5370
5367
5368
5368
5369
5373
5367
5369
5375
5376
5374
5375
5376
5374
5376
5374
5375
5375
5376
5381
5382
5383
5384
5381
5382
5381
5383
5387
5382
5383
5388
5390
5388
5389
5390
5389
5390
5388
5389
5388
5390
5395
5396
5397
5398
5796
5395
5396
5406
5395
5397
5399
5396
5397
5408
5402
5410
5799
5403
5402
5403
5404
5792
5402
5403
5402
5404
5403
5404
5795
5409
5410
5411
5412
5804
5409
5410
5409
5411
5413
5410
5411
5416
5807
5417
5416
5417
5418
5800
5416
5417
5416
5418
5425
5417
5418
5426
5428
5803
5421
5422
5423
5808
5421
5422
5801
5813
5428
5803
5427
5428
5429
5427
5429
5427
5428
5428
5429
5431
5432
5433
5438
5652
5656
5657
5433
5441
5442
5435
5437
5540
5652
5436
5541
5654
5437
5655
5657
5440
5442
5446
5449
5451
5440
5443
5444
5452
5659
5663
5664
5442
5443
5444
5444
5455
5456
5447
5450
5545
5653
5447
5451
5546
5659
5448
5547
5661
5450
5451
5662
5450
5451
5656
5658
5664
5454
5456
5460
5463
5465
5454
5457
5458
5666
5670
5671
5456
5457
5458
5458
5461
5464
5551
5660
5461
5465
5552
5666
5462
5553
5668
5464
5465
5669
5464
5465
5663
5665
5671
5467
5468
5469
5469
5562
5563
5565
5471
5678
5679
5473
5474
5677
5475
5892
5475
5680
5894
5477
5479
5891
5478
5682
5479
5684
5687
5688
5893
5481
5484
5486
5484
5487
5569
5571
5573
5488
5486
5487
5488
5497
5488
5498
5576
5577
5579
5499
5490
5491
5492
5492
5494
5496
5583
5495
5584
5496
5714
5715
5499
5501
5499
5502
5591
5593
5595
5503
5501
5502
5503
5503
5505
5506
5507
5508
5507
5511
5512
5598
5599
5601
5510
5512
5510
5513
5514
5515
5512
5513
5514
5609
5610
5612
5514
5518
5519
5616
5617
5619
5517
5519
5517
5520
5521
5519
5520
5521
5631
5632
5634
5521
5638
5639
5641
5523
5524
5525
5526
5525
5529
5530
5605
5606
5528
5530
5528
5531
5532
5533
5530
5531
5532
5623
5625
5532
5536
5537
5627
5628
5535
5537
5535
5538
5539
5537
5538
5539
5645
5647
5539
5649
5650
5541
5542
5544
5544
5652
5544
5545
5653
5718
5654
5721
5547
5724
5547
5548
5550
5726
5550
5659
5550
5551
5660
5730
5661
5733
5553
5736
5553
5554
5556
5738
5556
5666
5556
5667
5742
5668
5745
5559
5560
5561
5748
5559
5560
5563
5565
5567
5565
5566
5567
5752
5753
5756
5565
5566
5565
5567
5566
5567
5572
5573
5574
5575
5758
5760
5762
5572
5573
5572
5574
5766
5767
5769
5573
5574
5576
5579
5581
5772
5773
5775
5579
5580
5581
5780
5781
5784
5579
5581
5579
5580
5591
5580
5581
5592
5594
5786
5788
5790
5584
5585
5584
5585
5588
5589
5588
5589
5594
5595
5596
5594
5595
5594
5596
5595
5596
5809
5811
5814
5601
5602
5603
5601
5602
5601
5603
5609
5602
5603
5611
5820
5821
5823
5826
5827
5830
5613
5606
5607
5606
5607
5623
5624
5612
5613
5614
5615
5612
5613
5612
5614
5616
5613
5614
5834
5835
5838
5619
5620
5840
5841
5844
5619
5620
5621
5619
5620
5619
5621
5631
5620
5621
5633
5848
5849
5851
5854
5855
5858
5635
5624
5625
5626
5624
5625
5628
5628
5629
5628
5629
5645
5646
5634
5635
5636
5637
5634
5635
5634
5636
5638
5635
5636
5862
5863
5866
5641
5642
5868
5869
5872
5641
5642
5643
5641
5642
5641
5643
5642
5643
5876
5877
5879
5882
5883
5886
5646
5647
5648
5646
5647
5650
5650
5651
5650
5651
5654
5657
5654
5658
5655
5657
5658
5657
5658
5661
5664
5661
5665
5662
5664
5665
5664
5665
5668
5671
5668
5672
5669
5671
5672
5671
5672
5674
5676
5675
5889
5676
5678
5680
5679
5680
5682
5683
5684
5684
5686
5688
5687
5688
5690
5692
5697
5691
5692
5700
5694
5696
5695
5702
5696
5704
5698
5700
5699
5703
5700
5704
5702
5703
5704
5704
5706
5710
5711
5709
5793
5794
5709
5711
5797
5798
5711
5713
5715
5714
5715
5720
5719
5723
5719
5721
5722
5722
5722
5725
5725
5726
5728
5728
5728
5732
5731
5735
5731
5733
5734
5734
5734
5737
5737
5738
5740
5740
5740
5744
5743
5743
5745
5746
5746
5746
5749
5751
5749
5753
5755
5754
5755
5756
5754
5755
5754
5756
5755
5756
5761
5762
5763
5771
5761
5762
5761
5763
5779
5762
5763
5772
5781
5775
5776
5782
5768
5769
5770
5771
5768
5770
5768
5769
5769
5770
5773
5775
5777
5775
5776
5777
5775
5776
5775
5777
5776
5777
5782
5783
5784
5785
5782
5783
5783
5784
5786
5782
5784
5789
5790
5789
5790
5791
5789
5790
5789
5791
5810
5790
5791
5811
5813
5794
5795
5796
5794
5795
5798
5798
5799
5798
5799
5805
5807
5802
5803
5804
5802
5803
5900
5806
5902
5806
5807
5806
5807
5812
5813
5814
5812
5814
5812
5813
5813
5814
5817
5826
5817
5828
5831
5822
5823
5824
5825
5822
5824
5833
5822
5823
5827
5823
5824
5834
5829
5830
5837
5829
5830
5831
5830
5831
5829
5830
5829
5831
5836
5837
5838
5839
5836
5837
5837
5838
5836
5838
5841
5843
5844
5843
5844
5845
5844
5845
5854
5843
5844
5843
5845
5856
5859
5850
5851
5852
5853
5850
5852
5861
5850
5851
5855
5851
5852
5862
5857
5858
5865
5857
5858
5859
5858
5859
5857
5858
5857
5859
5864
5865
5866
5867
5864
5865
5865
5866
5864
5866
5869
5871
5872
5871
5872
5873
5872
5873
5882
5871
5872
5871
5873
5884
5887
5878
5879
5880
5881
5878
5880
5878
5879
5883
5879
5880
5885
5886
5885
5886
5887
5886
5887
5885
5886
5885
5887
5890
5890
5892
5893
5894
5894
5899
5898
5898
5899
5901
5902
5903
5905
5903
5906
5905
5907
5906
5907
)


// ************************************************************************* //
