/*--------------------------------*- C++ -*----------------------------------*\
| =========                 |                                                 |
| \\      /  F ield         | OpenFOAM: The Open Source CFD Toolbox           |
|  \\    /   O peration     | Version:  3.0.1                                 |
|   \\  /    A nd           | Web:      www.OpenFOAM.org                      |
|    \\/     M anipulation  |                                                 |
\*---------------------------------------------------------------------------*/
FoamFile
{
    version     2.0;
    format      ascii;
    class       labelList;
    note        "nPoints:10421  nCells:5894  nFaces:21698  nInternalFaces:17288";
    location    "constant/polyMesh";
    object      neighbour;
}
// * * * * * * * * * * * * * * * * * * * * * * * * * * * * * * * * * * * * * //


17288
(
707
1486
1487
1490
1638
1639
1640
4720
885
2299
2300
2302
3282
3285
3286
5343
3
6
58
2299
2301
2303
2305
4530
7
59
4531
711
886
1493
1494
1497
1644
1645
1646
892
2300
2306
2307
2309
3296
3299
3301
7
10
62
2306
2308
2310
2312
11
63
715
893
1500
1501
1504
1650
1651
1652
899
2307
2313
2314
2316
3310
3313
3315
11
14
66
2313
2315
2317
2319
15
67
719
900
1507
1508
1511
1656
1657
1658
906
2314
2320
2321
2323
3324
3327
3329
15
18
70
2320
2322
2324
2326
19
71
723
907
1514
1515
1518
1662
1663
1664
913
2321
2327
2328
2330
3338
3341
3343
19
22
74
2327
2329
2331
2333
23
75
727
914
1521
1522
1525
1668
1669
1670
920
2328
2334
2335
2337
3352
3355
3357
23
26
78
2334
2336
2338
2340
27
79
731
921
1528
1529
1532
1674
1675
1676
927
2335
2341
2342
2344
3366
3369
3371
27
30
82
2341
2343
2345
2347
31
83
735
928
1535
1536
1539
1680
1681
1682
934
2342
2348
2349
2351
3380
3383
3385
31
34
86
2348
2350
2352
2354
35
87
739
935
1542
1543
1546
1686
1687
1688
941
2349
2355
2356
2358
3394
3397
3399
35
38
90
2355
2357
2359
2361
39
91
743
942
1549
1550
1553
1692
1693
1694
948
2356
2362
2363
2365
3408
3411
3413
39
42
94
2362
2364
2366
2368
43
95
747
949
1556
1557
1560
1698
1699
1700
955
2363
2369
2370
2372
3422
3425
3427
43
46
98
2369
2371
2373
2375
47
99
751
956
1563
1564
1567
1704
1705
1706
962
2370
2376
2377
2379
3436
3439
3441
47
50
102
1584
1587
1588
2376
2378
2380
2382
51
103
1591
1593
1594
755
963
1570
1571
1574
1710
1711
1712
969
1577
1580
2377
3450
3453
3455
4405
4408
4409
4411
1577
1584
1587
4420
4422
4424
4425
1584
1591
1593
4434
4436
4438
4439
759
970
976
977
1716
1717
1718
1865
1866
1867
1868
761
766
1578
1597
1598
2934
2935
2936
4444
4445
4446
4447
763
979
1585
1600
1601
2940
2941
2942
4452
4453
4454
4455
765
982
1592
1603
1604
2946
2947
2948
4460
4461
4462
4463
57
60
112
888
889
890
891
4540
58
61
113
2302
2303
2304
2305
4541
59
62
114
996
997
998
4542
63
115
1606
1607
1608
4543
61
64
116
895
896
897
898
62
65
117
2309
2310
2311
2312
63
66
118
1003
1004
1005
67
119
1010
1011
1012
65
68
120
902
903
904
905
66
69
121
2316
2317
2318
2319
67
70
122
71
123
69
72
124
909
910
911
912
70
73
125
2323
2324
2325
2326
71
74
126
75
127
73
76
128
916
917
918
919
74
77
129
2330
2331
2332
2333
75
78
130
79
131
77
80
132
923
924
925
926
78
81
133
2337
2338
2339
2340
79
82
134
83
135
81
84
136
930
931
932
933
82
85
137
2344
2345
2346
2347
83
86
138
87
139
85
88
140
937
938
939
940
86
89
141
2351
2352
2353
2354
87
90
142
91
143
89
92
144
944
945
946
947
90
93
145
2358
2359
2360
2361
91
94
146
95
147
93
96
148
951
952
953
954
94
97
149
2365
2366
2367
2368
95
98
150
99
151
97
100
152
958
959
960
961
98
101
153
2372
2373
2374
2375
99
102
154
103
155
101
104
156
965
966
967
968
986
989
990
102
105
157
2379
2380
2381
2382
2383
2386
2387
103
106
158
2390
2393
2394
107
159
2397
2400
2401
972
986
987
989
986
1580
2383
2384
2386
1587
2383
2390
2391
2393
1593
2390
2397
2398
2400
767
987
993
994
1881
1882
1883
1884
769
980
2384
2404
2405
2955
3472
983
2391
2404
2407
2408
3478
985
2398
2407
2410
2411
3484
113
116
166
4550
114
117
167
997
999
1001
4551
996
997
999
4738
996
1606
1607
1609
4928
117
120
170
118
121
171
1004
1006
1008
2423
2424
2425
997
1003
1004
1006
1003
1010
1011
1013
1607
121
124
174
122
125
175
123
126
176
1004
1005
1008
1009
127
177
1011
1012
1015
1016
125
128
178
126
129
179
127
130
180
131
181
129
132
182
130
133
183
131
134
184
135
185
133
136
186
134
137
187
135
138
188
139
189
137
140
190
138
141
191
139
142
192
143
193
141
144
194
142
145
195
143
146
196
147
197
145
148
198
146
149
199
147
150
200
151
201
149
152
202
150
153
203
151
154
204
155
205
153
156
206
154
157
207
155
158
208
159
209
157
160
210
1017
1020
1021
158
161
211
2413
2416
2417
159
162
212
163
213
989
1017
1018
1020
1017
2386
2413
2414
2416
163
216
2393
2394
2395
2396
2413
2415
2417
2419
217
2400
2401
2402
2403
770
1018
1024
1025
1889
1890
1891
1892
772
2405
2414
2420
2421
2961
167
170
220
4559
168
171
221
776
778
779
2423
2426
2427
2440
2441
2442
4560
776
778
999
1273
1274
1277
1279
4672
775
1609
1613
1614
1617
4750
171
174
223
2424
2426
2428
2423
2424
2426
776
781
1006
1287
1288
1291
1292
2423
2966
2967
2970
2971
780
1013
1028
1030
1031
1908
1909
1912
1913
175
178
226
176
179
227
2424
2425
2428
2429
177
180
228
781
782
784
785
181
229
786
787
788
789
179
182
230
180
183
231
181
184
232
185
233
183
186
234
184
187
235
185
188
236
189
237
187
190
238
188
191
239
189
192
240
193
241
191
194
242
192
195
243
193
196
244
197
245
195
198
246
196
199
247
197
200
248
201
249
199
202
250
200
203
251
201
204
252
205
253
203
206
254
204
207
255
205
208
256
209
257
207
210
258
208
211
259
209
212
260
213
261
211
214
262
1036
1039
1040
212
215
263
2430
2433
2434
213
216
264
217
265
1020
1036
1037
1039
1036
2416
2430
2431
2433
217
268
2430
2432
2434
2436
269
773
1037
1043
1044
1922
1923
1924
1925
790
2421
2431
2437
2438
2978
221
223
272
2441
2443
2445
4568
2440
2441
2443
4569
778
793
2440
2983
2984
2985
2986
2987
2988
2991
2993
4755
224
226
275
2448
2450
2452
2426
2441
2447
2448
2450
783
793
2447
2455
2456
2457
227
230
279
228
231
280
2448
2449
2452
2453
229
232
281
797
798
801
802
233
282
803
804
806
807
231
234
283
232
235
284
233
236
285
237
286
235
238
287
236
239
288
237
240
289
241
290
239
242
291
240
243
292
241
244
293
245
294
243
246
295
244
247
296
245
248
297
249
298
247
250
299
248
251
300
249
252
301
253
302
251
254
303
252
255
304
253
256
305
257
306
255
258
307
256
259
308
257
260
309
261
310
259
262
311
260
263
312
261
264
313
265
314
263
266
315
1047
1050
1051
264
267
316
2465
2468
2469
265
268
317
269
318
1039
1047
1048
1050
1047
2433
2465
2466
2468
269
321
2465
2467
2469
2471
322
791
1048
1054
1055
1933
1934
1935
1936
808
2438
2466
2472
2473
3011
273
275
325
2476
2478
2480
4576
2443
2475
2476
2478
5358
794
2475
2483
2484
2485
4676
276
279
329
277
280
330
1064
1066
1068
2450
2451
2452
2453
2476
2477
2480
2481
799
811
1064
1066
1941
1944
1945
1946
3003
3004
3007
805
1058
1063
1631
1632
1633
1757
1758
1759
280
283
333
281
284
334
282
285
335
1064
1065
1068
1069
286
336
1070
1071
1074
1075
284
287
337
285
288
338
286
289
339
290
340
288
291
341
289
292
342
290
293
343
294
344
292
295
345
293
296
346
294
297
347
298
348
296
299
349
297
300
350
298
301
351
302
352
300
303
353
301
304
354
302
305
355
306
356
304
307
357
305
308
358
306
309
359
310
360
308
311
361
309
312
362
310
313
363
314
364
312
315
365
313
316
366
314
317
367
318
368
316
319
369
1076
1079
1080
317
320
370
2495
2498
2499
318
321
371
322
372
1050
1076
1077
1079
1076
2468
2495
2496
2498
322
375
2495
2497
2499
2501
376
809
1077
1083
1084
1952
1953
1954
1955
817
2473
2496
2502
2503
3017
326
329
379
4583
327
330
380
1087
1089
1091
2478
2479
2480
2481
5369
5370
5373
5374
813
1086
1087
1089
4690
5471
5472
5475
1059
1086
1093
1094
1096
4696
4870
4871
4873
330
333
383
331
334
384
332
335
385
1066
1067
1068
1069
1087
1088
1091
1092
336
386
1072
1073
1074
1075
1094
1095
1098
1099
334
337
387
335
338
388
336
339
389
340
390
338
341
391
339
342
392
340
343
393
344
394
342
345
395
343
346
396
344
347
397
348
398
346
349
399
347
350
400
348
351
401
352
402
350
353
403
351
354
404
352
355
405
356
406
354
357
407
355
358
408
356
359
409
360
410
358
361
411
359
362
412
360
363
413
364
414
362
365
415
363
366
416
364
367
417
368
418
366
369
419
367
370
420
368
371
421
372
422
370
373
423
1100
1103
1104
371
374
424
2505
2508
2509
372
375
425
376
426
1079
1100
1101
1103
1100
2498
2505
2506
2508
376
429
2505
2507
2509
2511
430
818
1101
1107
1108
1960
1961
1962
1963
820
2503
2506
2512
2513
3023
380
383
433
4592
381
384
434
4593
382
385
435
1089
1090
1091
1092
4977
4978
4981
4982
386
436
1096
1097
1098
1099
4984
4985
4988
4989
384
387
437
385
388
438
386
389
439
390
440
388
391
441
389
392
442
390
393
443
394
444
392
395
445
393
396
446
394
397
447
398
448
396
399
449
397
400
450
398
401
451
402
452
400
403
453
401
404
454
402
405
455
406
456
404
407
457
405
408
458
406
409
459
410
460
408
411
461
409
412
462
410
413
463
414
464
412
415
465
413
416
466
414
417
467
418
468
416
419
469
417
420
470
418
421
471
422
472
420
423
473
421
424
474
422
425
475
426
476
424
427
477
1110
1113
1114
425
428
478
2515
2518
2519
426
429
479
430
480
1103
1110
1111
1113
1110
2508
2515
2516
2518
430
483
2515
2517
2519
2521
484
821
1111
1117
1118
1968
1969
1970
1971
823
2513
2516
2522
2523
3029
434
437
487
4604
435
438
488
4605
436
439
489
4606
440
490
4607
438
441
491
439
442
492
440
443
493
444
494
442
445
495
443
446
496
444
447
497
448
498
446
449
499
447
450
500
448
451
501
452
502
450
453
503
451
454
504
452
455
505
456
506
454
457
507
455
458
508
456
459
509
460
510
458
461
511
459
462
512
460
463
513
464
514
462
465
515
463
466
516
464
467
517
468
518
466
469
519
467
470
520
468
471
521
472
522
470
473
523
471
474
524
472
475
525
476
526
474
477
527
475
478
528
476
479
529
480
530
478
481
531
1120
1123
1124
479
482
532
2525
2528
2529
480
483
533
484
534
1113
1120
1121
1123
1120
2518
2525
2526
2528
484
537
2525
2527
2529
2531
538
824
1121
1127
1128
1976
1977
1978
1979
826
2523
2526
2532
2533
3035
488
491
541
4616
489
492
542
4617
490
493
543
4618
494
544
4619
492
495
545
493
496
546
494
497
547
498
548
496
499
549
497
500
550
498
501
551
502
552
500
503
553
501
504
554
502
505
555
506
556
504
507
557
505
508
558
506
509
559
510
560
508
511
561
509
512
562
510
513
563
514
564
512
515
565
513
516
566
514
517
567
518
568
516
519
569
517
520
570
518
521
571
522
572
520
523
573
521
524
574
522
525
575
526
576
524
527
577
525
528
578
526
529
579
530
580
528
531
581
529
532
582
530
533
583
534
584
532
535
585
1130
1133
1134
533
536
586
2535
2538
2539
534
537
587
538
588
1123
1130
1131
1133
1130
2528
2535
2536
2538
538
591
2535
2537
2539
2541
592
827
1131
1137
1138
1984
1985
1986
1987
829
2533
2536
2542
2543
3041
542
545
595
2555
2556
2557
4628
543
546
596
4629
544
547
597
4630
548
598
4631
546
549
599
2562
2563
2564
547
550
600
548
551
601
552
602
550
553
603
2569
2570
2571
551
554
604
552
555
605
556
606
554
557
607
2576
2577
2578
555
558
608
556
559
609
560
610
558
561
611
2583
2584
2585
559
562
612
560
563
613
564
614
562
565
615
2590
2591
2592
563
566
616
564
567
617
568
618
566
569
619
2597
2598
2599
567
570
620
568
571
621
572
622
570
573
623
2604
2605
2606
571
574
624
572
575
625
576
626
574
577
627
2611
2612
2613
575
578
628
576
579
629
580
630
578
581
631
2618
2619
2620
579
582
632
580
583
633
584
634
582
585
635
2625
2626
2627
583
586
636
584
587
637
588
638
586
589
639
1140
1143
1144
2632
2633
2634
587
590
640
2545
2548
2549
588
591
641
592
642
1133
1140
1141
1143
1140
2538
2545
2546
2548
592
645
2545
2547
2549
2551
2646
2647
2648
646
2653
2654
2655
830
1141
1147
1148
1992
1993
1994
1995
832
2543
2546
2552
2553
3047
2555
2556
2558
5387
597
600
652
2555
2557
2559
2561
2676
2677
2678
4640
598
601
653
4641
602
654
4642
2556
2562
2563
2565
601
604
656
2562
2564
2566
2568
2690
2691
2692
602
605
657
606
658
2563
2569
2570
2572
605
608
660
2569
2571
2573
2575
2704
2705
2706
606
609
661
610
662
2570
2576
2577
2579
609
612
664
2576
2578
2580
2582
2718
2719
2720
610
613
665
614
666
2577
2583
2584
2586
613
616
668
2583
2585
2587
2589
2732
2733
2734
614
617
669
618
670
2584
2590
2591
2593
617
620
672
2590
2592
2594
2596
2746
2747
2748
618
621
673
622
674
2591
2597
2598
2600
621
624
676
2597
2599
2601
2603
2760
2761
2762
622
625
677
626
678
2598
2604
2605
2607
625
628
680
2604
2606
2608
2610
2774
2775
2776
626
629
681
630
682
2605
2611
2612
2614
629
632
684
2611
2613
2615
2617
2788
2789
2790
630
633
685
634
686
2612
2618
2619
2621
633
636
688
2618
2620
2622
2624
2802
2803
2804
634
637
689
638
690
2619
2625
2626
2628
637
640
692
2625
2627
2629
2631
2816
2817
2818
638
641
693
642
694
2626
2632
2633
2635
641
644
696
2632
2634
2636
2638
2639
2642
2643
2830
2831
2832
642
645
697
2646
2649
2650
646
698
2653
2656
2657
1143
1150
1151
1153
2633
1150
2548
2639
2640
2642
2639
2646
2647
2649
2646
2653
2654
2656
833
1151
1157
1158
2000
2001
2002
2003
835
2553
2640
2660
2661
3053
2647
2660
2663
2664
2654
2663
2666
2667
2558
2670
2671
2672
4706
838
2676
2677
2679
5419
654
657
2676
2678
2680
2682
4651
658
4652
839
2565
2684
2685
2686
841
2677
2690
2691
2693
658
661
2690
2692
2694
2696
662
842
2572
2698
2699
2700
844
2691
2704
2705
2707
662
665
2704
2706
2708
2710
666
845
2579
2712
2713
2714
847
2705
2718
2719
2721
666
669
2718
2720
2722
2724
670
848
2586
2726
2727
2728
850
2719
2732
2733
2735
670
673
2732
2734
2736
2738
674
851
2593
2740
2741
2742
853
2733
2746
2747
2749
674
677
2746
2748
2750
2752
678
854
2600
2754
2755
2756
856
2747
2760
2761
2763
678
681
2760
2762
2764
2766
682
857
2607
2768
2769
2770
859
2761
2774
2775
2777
682
685
2774
2776
2778
2780
686
860
2614
2782
2783
2784
862
2775
2788
2789
2791
686
689
2788
2790
2792
2794
690
863
2621
2796
2797
2798
865
2789
2802
2803
2805
690
693
2802
2804
2806
2808
694
866
2628
2810
2811
2812
868
2803
2816
2817
2819
694
697
2816
2818
2820
2822
698
869
2635
2824
2825
2826
871
2817
2830
2831
2833
698
701
1165
1168
1169
2830
2832
2834
2836
702
1170
1173
1174
872
1153
2838
2839
2840
874
1160
1161
1163
2642
2831
1160
1165
1166
1168
2649
1165
1170
1171
1173
2656
836
875
1175
1176
2008
2009
2010
2011
877
1161
2661
2844
2845
878
1166
2664
2847
2848
879
1171
2667
2850
2851
1638
1639
4661
885
2853
2854
4662
711
886
1641
1642
712
887
2856
2857
1644
1645
892
2859
2860
715
893
1647
1648
716
894
2862
2863
1650
1651
899
2865
2866
719
900
1653
1654
720
901
2868
2869
1656
1657
906
2871
2872
723
907
1659
1660
724
908
2874
2875
1662
1663
913
2877
2878
727
914
1665
1666
728
915
2880
2881
1668
1669
920
2883
2884
731
921
1671
1672
732
922
2886
2887
1674
1675
927
2889
2890
735
928
1677
1678
736
929
2892
2893
1680
1681
934
2895
2896
739
935
1683
1684
740
936
2898
2899
1686
1687
941
2901
2902
743
942
1689
1690
744
943
2904
2905
1692
1693
948
2907
2908
747
949
1695
1696
748
950
2910
2911
1698
1699
955
2913
2914
751
956
1701
1702
752
957
2916
2917
1704
1705
962
2919
2920
755
963
1707
1708
756
964
2922
2923
1710
1711
969
2925
2926
759
970
1713
1714
760
880
971
2928
2929
2931
1716
1717
761
766
2931
2932
880
2934
2935
763
881
979
2937
2938
882
2940
2941
765
883
982
2943
2944
884
2946
2947
971
1719
1720
2931
2932
2933
4472
4473
4474
4475
974
1264
1265
2125
2126
2127
2128
769
975
980
2951
2952
988
2954
2955
991
1267
1268
2133
2134
2135
2136
772
992
2405
2957
2958
1019
2960
2961
1022
1270
1271
2141
2142
2143
2144
790
1023
2421
2963
2964
1000
1274
1275
2149
2150
2153
2155
4673
779
1001
1280
1282
1284
1286
780
1002
1028
1281
1282
2163
2164
2167
2169
779
1722
1723
1724
1725
4675
783
793
1726
1727
1728
1729
2967
2968
2970
1007
1288
1289
2177
2178
2181
2182
782
784
1008
2425
785
786
1009
1287
1289
1291
1293
2427
2967
2968
2969
785
797
2429
2966
2969
2971
2972
788
798
1294
1296
1298
1299
787
788
1015
1029
1031
1033
1035
789
1016
1300
1302
5833
5835
789
803
1734
1735
1736
1737
804
1738
1739
5840
5841
1038
2977
2978
1041
1304
1305
2195
2196
2197
2198
808
1042
2438
2980
2981
1740
1741
1742
1743
2442
2455
2457
2459
2994
2995
2998
2999
2444
2988
2989
2990
4757
799
811
2446
2995
2996
2997
800
812
1046
1744
1745
798
801
2449
2454
2456
2458
2460
802
803
1316
1318
1319
1321
2451
3002
3003
3004
805
1063
1752
1753
802
1064
2453
3001
3004
3006
3007
806
1065
1322
1324
1326
1327
804
806
1620
1621
1622
1623
807
3008
3009
5863
5864
1046
1757
1758
807
1070
1328
1330
1331
1332
1071
1333
1335
5836
5837
1049
3010
3011
1052
1336
1337
2224
2225
2226
2227
817
1053
2473
3013
3014
815
1767
1769
1771
1773
2477
2482
2484
2486
2487
2996
2997
3000
1058
1063
1744
1745
1746
1768
1769
1770
814
815
2479
2482
2485
2487
2488
4678
5461
5463
5466
816
1059
1086
1339
1342
1344
1345
4679
4834
4835
4837
816
1066
1087
2481
1061
1067
1088
1767
1770
1772
1773
1078
3016
3017
1081
1346
1347
2239
2240
2241
2242
820
1082
2503
3019
3020
1102
3022
3023
1105
1349
1350
2247
2248
2249
2250
823
1106
2513
3025
3026
1112
3028
3029
1115
1352
1353
2255
2256
2257
2258
826
1116
2523
3031
3032
1122
3034
3035
1125
1355
1356
2263
2264
2265
2266
829
1126
2533
3037
3038
1132
3040
3041
1135
1358
1359
2271
2272
2273
2274
832
1136
2543
3043
3044
1142
3046
3047
1145
1361
1362
2279
2280
2281
2282
835
1146
2553
3049
3050
1152
3052
3053
1155
1364
1365
2287
2288
2289
2290
877
1156
2661
3055
3056
840
2559
2669
2670
2673
2675
3065
3066
3067
3068
4707
2560
3059
3060
3061
841
2561
2677
3058
3060
3062
3064
3069
3070
3071
3072
843
2566
2683
2684
2687
2688
3080
3081
3082
3083
2567
3074
3075
3076
844
2568
2691
3073
3075
3077
3079
3084
3085
3086
3087
846
2573
2697
2698
2701
2702
3095
3096
3097
3098
2574
3089
3090
3091
847
2575
2705
3088
3090
3092
3094
3099
3100
3101
3102
849
2580
2711
2712
2715
2716
3110
3111
3112
3113
2581
3104
3105
3106
850
2582
2719
3103
3105
3107
3109
3114
3115
3116
3117
852
2587
2725
2726
2729
2730
3125
3126
3127
3128
2588
3119
3120
3121
853
2589
2733
3118
3120
3122
3124
3129
3130
3131
3132
855
2594
2739
2740
2743
2744
3140
3141
3142
3143
2595
3134
3135
3136
856
2596
2747
3133
3135
3137
3139
3144
3145
3146
3147
858
2601
2753
2754
2757
2758
3155
3156
3157
3158
2602
3149
3150
3151
859
2603
2761
3148
3150
3152
3154
3159
3160
3161
3162
861
2608
2767
2768
2771
2772
3170
3171
3172
3173
2609
3164
3165
3166
862
2610
2775
3163
3165
3167
3169
3174
3175
3176
3177
864
2615
2781
2782
2785
2786
3185
3186
3187
3188
2616
3179
3180
3181
865
2617
2789
3178
3180
3182
3184
3189
3190
3191
3192
867
2622
2795
2796
2799
2800
3200
3201
3202
3203
2623
3194
3195
3196
868
2624
2803
3193
3195
3197
3199
3204
3205
3206
3207
870
2629
2809
2810
2813
2814
3215
3216
3217
3218
2630
3209
3210
3211
871
2631
2817
3208
3210
3212
3214
3219
3220
3221
3222
873
2636
2823
2824
2827
2828
3230
3231
3232
3233
2637
3224
3225
3226
874
2638
2831
3223
3225
3227
3229
3234
3235
3236
3237
876
1154
2837
2838
2841
2842
3245
3246
3247
3248
1155
3239
3240
3241
877
1156
1161
3238
3240
3242
3244
3249
3250
3251
3252
3253
3254
3255
3253
3254
1162
2662
3256
3257
1167
2665
3259
3260
1578
2934
3264
3265
882
1579
2937
3267
3268
1585
2940
3270
3271
884
1586
2943
3273
3274
1592
2946
3276
3277
3281
3282
3285
4721
1641
1642
1643
1774
1775
1778
892
2300
3288
3289
3292
889
890
1489
1490
1491
1492
4724
891
2302
3284
3285
3286
3287
4725
891
895
1777
1778
1779
1780
896
2304
3291
3292
3293
3294
3295
3296
3299
1647
1648
1649
1781
1782
1785
899
2307
3302
3303
3306
896
897
1496
1497
1498
1499
898
2309
3298
3299
3300
3301
898
902
1784
1785
1786
1787
903
2311
3305
3306
3307
3308
3309
3310
3313
1653
1654
1655
1788
1789
1792
906
2314
3316
3317
3320
903
904
1503
1504
1505
1506
905
2316
3312
3313
3314
3315
905
909
1791
1792
1793
1794
910
2318
3319
3320
3321
3322
3323
3324
3327
1659
1660
1661
1795
1796
1799
913
2321
3330
3331
3334
910
911
1510
1511
1512
1513
912
2323
3326
3327
3328
3329
912
916
1798
1799
1800
1801
917
2325
3333
3334
3335
3336
3337
3338
3341
1665
1666
1667
1802
1803
1806
920
2328
3344
3345
3348
917
918
1517
1518
1519
1520
919
2330
3340
3341
3342
3343
919
923
1805
1806
1807
1808
924
2332
3347
3348
3349
3350
3351
3352
3355
1671
1672
1673
1809
1810
1813
927
2335
3358
3359
3362
924
925
1524
1525
1526
1527
926
2337
3354
3355
3356
3357
926
930
1812
1813
1814
1815
931
2339
3361
3362
3363
3364
3365
3366
3369
1677
1678
1679
1816
1817
1820
934
2342
3372
3373
3376
931
932
1531
1532
1533
1534
933
2344
3368
3369
3370
3371
933
937
1819
1820
1821
1822
938
2346
3375
3376
3377
3378
3379
3380
3383
1683
1684
1685
1823
1824
1827
941
2349
3386
3387
3390
938
939
1538
1539
1540
1541
940
2351
3382
3383
3384
3385
940
944
1826
1827
1828
1829
945
2353
3389
3390
3391
3392
3393
3394
3397
1689
1690
1691
1830
1831
1834
948
2356
3400
3401
3404
945
946
1545
1546
1547
1548
947
2358
3396
3397
3398
3399
947
951
1833
1834
1835
1836
952
2360
3403
3404
3405
3406
3407
3408
3411
1695
1696
1697
1837
1838
1841
955
2363
3414
3415
3418
952
953
1552
1553
1554
1555
954
2365
3410
3411
3412
3413
954
958
1840
1841
1842
1843
959
2367
3417
3418
3419
3420
3421
3422
3425
1701
1702
1703
1844
1845
1848
962
2370
3428
3429
3432
959
960
1559
1560
1561
1562
961
2372
3424
3425
3426
3427
961
965
1847
1848
1849
1850
966
2374
3431
3432
3433
3434
3435
3436
3439
1707
1708
1709
1851
1852
1855
969
2377
3442
3443
3446
966
967
1566
1567
1568
1569
968
2379
3438
3439
3440
3441
968
972
1854
1855
1856
1857
973
2381
3445
3446
3447
3448
3449
3450
3453
1713
1714
1715
1858
1859
1860
1578
3456
3457
3458
973
974
1573
1574
1575
1576
975
986
1580
3452
3453
3454
3455
975
987
1264
1265
1266
1860
1862
1863
1864
988
1582
2951
2952
2953
3458
3460
3461
3462
978
1256
1719
1859
3467
3468
3469
3470
3776
3777
3778
978
1264
1860
1869
1870
1871
1872
1266
1721
1862
3463
3464
3465
3466
1579
1873
1874
2937
2938
2939
4492
4493
4494
4495
1582
3471
3472
983
1583
2404
3474
3475
1586
1876
1877
2943
2944
2945
4500
4501
4502
4503
1589
3477
3478
985
1590
2407
3480
3481
1595
3483
3484
988
990
988
991
993
994
995
992
2384
2954
2955
2956
990
991
992
1017
2386
992
1018
1267
1268
1269
1019
2388
2957
2958
2959
995
1265
2954
3492
3493
3494
3495
995
1267
1885
1886
1887
1888
1269
2956
3488
3489
3490
3491
998
1000
4739
998
1001
1002
1003
1607
1000
1001
4742
1002
1274
1275
1277
1609
4743
1002
1006
1007
1281
1282
1284
1611
1005
1007
1005
1008
1009
1011
1007
1008
1009
1013
1288
1289
1291
1009
1015
1012
1014
1608
1012
1015
1016
1014
1015
1030
1031
1033
1611
1016
1301
1302
1612
5823
5833
1016
1019
1021
1019
1022
1024
1025
1026
1023
2414
2960
2961
2962
1021
1022
1023
1036
2416
1023
1037
1270
1271
1272
1038
2418
2963
2964
2965
1026
1268
2960
3500
3501
3502
3503
1026
1270
1893
1894
1895
1896
1272
2962
3496
3497
3498
3499
1610
1616
1617
1618
1619
1906
1907
4751
5849
5850
1611
1897
1898
1899
1033
1035
1300
1734
1915
1916
1920
1921
1033
1301
1898
1915
1917
1919
1920
1033
1035
1289
1290
1899
1909
1910
1911
1302
1303
1901
1916
1917
1918
1293
1736
1908
1911
1913
1914
1038
1040
1038
1041
1043
1044
1045
1042
2431
2977
2978
2979
1040
1041
1042
1047
2433
1042
1048
1304
1305
1306
1049
2435
2980
2981
2982
1045
1271
2977
3508
3509
3510
3511
1045
1304
1926
1927
1928
1929
1306
2979
3504
3505
3506
3507
1058
3512
3513
1049
1051
1049
1052
1054
1055
1056
1053
2466
3010
3011
3012
1051
1052
1053
1076
2468
1053
1077
1336
1337
1338
1078
2470
3013
3014
3015
1056
1305
3010
3519
3520
3521
3522
1056
1336
1937
1938
1939
1940
1338
3012
3515
3516
3517
3518
1060
1627
1628
1629
1630
3531
3532
5592
5811
5871
5873
3512
3513
3514
3523
3524
3525
1060
1061
1625
1626
1627
1630
4765
5133
5134
5136
1062
1093
5593
5595
5794
5813
1062
1072
1094
3525
3526
3527
3529
1073
1095
3531
3533
5872
5873
1752
1753
1754
1941
1942
1943
1065
1068
1069
1070
1942
1944
1946
1947
1067
1068
1069
1072
1943
1945
1946
1947
1069
1074
1071
1074
1632
1634
1635
1637
1075
1949
1950
5851
5853
1073
1074
1633
1635
1636
1637
1075
1950
1951
5852
5853
1075
1078
1080
1078
1081
1083
1084
1085
1082
2496
3016
3017
3018
1080
1081
1082
1100
2498
1082
1101
1346
1347
1348
1102
2500
3019
3020
3021
1085
1337
3016
3538
3539
3540
3541
1085
1346
1956
1957
1958
1959
1348
3018
3534
3535
3536
3537
1088
1090
4691
4864
4865
4868
1088
1091
1092
1094
1090
1091
4694
1092
1096
4695
5066
5068
5071
1092
1098
1095
1097
4875
4876
5792
5795
1095
1098
1099
1097
1098
4699
5075
5077
5080
1099
5082
5084
5793
5799
1099
1102
1104
1102
1105
1107
1108
1109
1106
2506
3022
3023
3024
1104
1105
1106
1110
2508
1106
1111
1349
1350
1351
1112
2510
3025
3026
3027
1109
1347
3022
3546
3547
3548
3549
1109
1349
1964
1965
1966
1967
1351
3024
3542
3543
3544
3545
1112
1114
1112
1115
1117
1118
1119
1116
2516
3028
3029
3030
1114
1115
1116
1120
2518
1116
1121
1352
1353
1354
1122
2520
3031
3032
3033
1119
1350
3028
3554
3555
3556
3557
1119
1352
1972
1973
1974
1975
1354
3030
3550
3551
3552
3553
1122
1124
1122
1125
1127
1128
1129
1126
2526
3034
3035
3036
1124
1125
1126
1130
2528
1126
1131
1355
1356
1357
1132
2530
3037
3038
3039
1129
1353
3034
3562
3563
3564
3565
1129
1355
1980
1981
1982
1983
1357
3036
3558
3559
3560
3561
1132
1134
1132
1135
1137
1138
1139
1136
2536
3040
3041
3042
1134
1135
1136
1140
2538
1136
1141
1358
1359
1360
1142
2540
3043
3044
3045
1139
1356
3040
3570
3571
3572
3573
1139
1358
1988
1989
1990
1991
1360
3042
3566
3567
3568
3569
1142
1144
1142
1145
1147
1148
1149
1146
2546
3046
3047
3048
1144
1145
1146
1150
2548
1146
1151
1361
1362
1363
1152
2550
3049
3050
3051
1149
1359
3046
3578
3579
3580
3581
1149
1361
1996
1997
1998
1999
1363
3048
3574
3575
3576
3577
1152
1154
2634
1152
1155
1157
1158
1159
1156
2640
3052
3053
3054
1154
1155
2637
2838
2839
2841
1156
2638
2642
1156
1364
1365
1366
3239
3240
3242
2644
3055
3056
3057
1159
1362
3052
3586
3587
3588
3589
1159
1364
2004
2005
2006
2007
1366
3054
3582
3583
3584
3585
1162
1164
2643
2832
1162
2644
2844
2845
2846
3590
3591
3592
3593
1166
2645
3256
3257
3258
3594
3595
3596
3597
1164
2835
3246
3248
3591
3593
1168
2836
3596
3597
1167
1169
2650
1167
2651
2847
2848
2849
3598
3599
3600
3601
1171
2652
3259
3260
3261
3602
3603
3604
3605
1169
3600
3601
1173
3604
3605
1172
1174
2657
1172
2658
2850
2851
2852
3606
3607
3608
3609
2659
3262
3263
3610
3611
5825
5865
5874
5875
1174
3608
3609
3611
5875
1177
1365
3240
3253
3616
3617
3618
3619
1177
1471
2012
2013
2014
2015
3241
4348
4349
4351
1472
3244
3255
3612
3613
3614
3615
1486
2853
3620
3621
4785
1181
1487
2016
2017
1183
1488
2855
3623
3624
1774
2019
2020
1184
1775
2857
3626
3627
1776
2858
3629
3630
1493
2859
3632
3633
1187
1494
2022
2023
1189
1495
2861
3635
3636
1781
2025
2026
1190
1782
2863
3638
3639
1783
2864
3641
3642
1500
2865
3644
3645
1193
1501
2028
2029
1195
1502
2867
3647
3648
1788
2031
2032
1196
1789
2869
3650
3651
1790
2870
3653
3654
1507
2871
3656
3657
1199
1508
2034
2035
1201
1509
2873
3659
3660
1795
2037
2038
1202
1796
2875
3662
3663
1797
2876
3665
3666
1514
2877
3668
3669
1205
1515
2040
2041
1207
1516
2879
3671
3672
1802
2043
2044
1208
1803
2881
3674
3675
1804
2882
3677
3678
1521
2883
3680
3681
1211
1522
2046
2047
1213
1523
2885
3683
3684
1809
2049
2050
1214
1810
2887
3686
3687
1811
2888
3689
3690
1528
2889
3692
3693
1217
1529
2052
2053
1219
1530
2891
3695
3696
1816
2055
2056
1220
1817
2893
3698
3699
1818
2894
3701
3702
1535
2895
3704
3705
1223
1536
2058
2059
1225
1537
2897
3707
3708
1823
2061
2062
1226
1824
2899
3710
3711
1825
2900
3713
3714
1542
2901
3716
3717
1229
1543
2064
2065
1231
1544
2903
3719
3720
1830
2067
2068
1232
1831
2905
3722
3723
1832
2906
3725
3726
1549
2907
3728
3729
1235
1550
2070
2071
1237
1551
2909
3731
3732
1837
2073
2074
1238
1838
2911
3734
3735
1839
2912
3737
3738
1556
2913
3740
3741
1241
1557
2076
2077
1243
1558
2915
3743
3744
1844
2079
2080
1244
1845
2917
3746
3747
1846
2918
3749
3750
1563
2919
3752
3753
1247
1564
2082
2083
1249
1565
2921
3755
3756
1851
2085
2086
1250
1852
2923
3758
3759
1853
2924
3761
3762
1570
2925
3764
3765
1253
1571
2088
2089
1255
1572
2927
3767
3768
1858
2091
2092
1256
1859
2929
3770
3771
1861
2930
3773
3774
1257
3776
3777
1719
2929
3779
3780
1259
1597
3265
3782
3783
1873
3267
3785
3786
1261
1600
3270
3788
3789
1876
3273
3791
3792
1263
1603
3276
3794
3795
1879
3279
3797
3798
1266
2129
2130
2131
2132
1266
2952
3804
3805
3806
3807
2953
3800
3801
3802
3803
1269
2137
2138
2139
2140
1269
2958
3812
3813
3814
3815
2959
3808
3809
3810
3811
1272
2145
2146
2147
2148
1272
2964
3820
3821
3822
3823
2965
3816
3817
3818
3819
1277
1279
1280
1722
2156
2157
2161
2162
1277
1279
4823
1277
1281
1613
2156
2158
2160
2161
1614
2150
2151
2152
4824
1284
1285
1615
2157
2158
2159
1725
2149
2152
2154
2155
4827
1284
1286
1726
2170
2171
2175
2176
1284
1897
2170
2172
2174
2175
1284
1286
1288
1290
1899
2164
2165
2166
1900
2171
2172
2173
1292
1728
2163
2166
2168
2169
1291
1292
1293
1294
1291
1292
1291
1293
2178
2179
2180
1297
2177
2179
2182
2183
3832
3833
3836
1298
2177
2180
2181
2183
1298
1299
2966
3831
3832
3836
3837
1317
1727
2968
3825
3826
3827
1298
1299
1318
1730
1731
1732
1733
1735
1728
2970
3832
3833
3834
1736
2184
2185
2186
2187
1319
2972
3824
3827
3829
3830
1302
1738
2188
2189
2193
2194
5835
1302
1904
2188
2190
2192
2193
5823
5833
1905
2189
2190
2191
1306
2199
2200
2201
2202
1306
2981
3842
3843
3844
3845
2982
3838
3839
3840
3841
1310
1311
2983
2987
3846
3847
3850
3851
1310
1340
2989
3846
3848
3850
3852
3916
3917
3920
5127
1315
1343
2992
3847
3848
3849
2986
2993
5129
1314
1740
2994
3860
3861
3864
3865
1768
1930
2203
2204
1323
1769
2997
3854
3855
3856
1325
1743
2999
3853
3855
3857
3858
3890
3891
3892
1771
3000
3861
3862
3863
1319
1321
1322
2454
3874
3875
3878
3880
1741
2455
3868
3869
3870
1319
1321
1621
1747
1748
1749
1750
2458
3867
3869
3871
3872
1325
1743
2459
3875
3876
3877
1326
1623
2206
2207
2208
2209
1326
1327
3001
3888
3889
3893
3894
1941
3003
3882
3883
3884
1326
1327
1330
1751
1753
1754
1755
1942
3005
3889
3890
3891
1331
2210
2211
2212
2213
1944
3007
3881
3884
3885
3887
1331
1332
1333
1620
3899
3900
3901
3902
1334
1631
1931
2215
2216
1331
1332
1632
1756
1758
1759
1760
1623
3895
3896
3897
3898
1335
1634
2214
2216
2217
2218
1335
3008
3903
3904
3905
3906
5837
1932
1948
2220
2221
1949
2219
2221
2222
2223
5836
1338
2228
2229
2230
2231
1338
3014
3911
3912
3913
3914
3015
3907
3908
3909
3910
1343
1344
1345
1767
2482
2483
3916
3917
3918
4829
1624
1768
2233
2234
2235
1344
1345
1625
1761
1763
1764
1766
4830
5227
5229
5231
1771
2232
2234
2237
2238
2486
3848
3849
3852
3915
3917
3919
3920
1626
1772
2232
2235
2236
2238
2488
3915
3918
3919
3921
4832
5657
5658
5661
1348
2243
2244
2245
2246
1348
3020
3926
3927
3928
3929
3021
3922
3923
3924
3925
1351
2251
2252
2253
2254
1351
3026
3934
3935
3936
3937
3027
3930
3931
3932
3933
1354
2259
2260
2261
2262
1354
3032
3942
3943
3944
3945
3033
3938
3939
3940
3941
1357
2267
2268
2269
2270
1357
3038
3950
3951
3952
3953
3039
3946
3947
3948
3949
1360
2275
2276
2277
2278
1360
3044
3958
3959
3960
3961
3045
3954
3955
3956
3957
1363
2283
2284
2285
2286
1363
3050
3966
3967
3968
3969
3051
3962
3963
3964
3965
1366
2291
2292
2293
2294
1366
3056
3974
3975
3976
3977
3057
3970
3971
3972
3973
1370
1371
2669
3065
3985
3986
3990
3991
2672
3979
3980
3981
4895
1373
2674
3986
3987
3988
2675
3068
3978
3981
3983
3984
4897
1374
3058
3069
3999
4000
4004
4005
1376
3061
3993
3994
3995
3063
4000
4001
4002
1377
3064
3072
3992
3995
3997
3998
1377
1379
2683
3080
4013
4014
4018
4019
2686
4007
4008
4009
2688
3082
4006
4008
4011
4012
1381
2689
4014
4015
4016
1382
3073
3084
4027
4028
4032
4033
1384
3076
4021
4022
4023
3078
4028
4029
4030
1385
3079
3087
4020
4023
4025
4026
1385
1387
2697
3095
4041
4042
4046
4047
2700
4035
4036
4037
2702
3097
4034
4036
4039
4040
1389
2703
4042
4043
4044
1390
3088
3099
4055
4056
4060
4061
1392
3091
4049
4050
4051
3093
4056
4057
4058
1393
3094
3102
4048
4051
4053
4054
1393
1395
2711
3110
4069
4070
4074
4075
2714
4063
4064
4065
2716
3112
4062
4064
4067
4068
1397
2717
4070
4071
4072
1398
3103
3114
4083
4084
4088
4089
1400
3106
4077
4078
4079
3108
4084
4085
4086
1401
3109
3117
4076
4079
4081
4082
1401
1403
2725
3125
4097
4098
4102
4103
2728
4091
4092
4093
2730
3127
4090
4092
4095
4096
1405
2731
4098
4099
4100
1406
3118
3129
4111
4112
4116
4117
1408
3121
4105
4106
4107
3123
4112
4113
4114
1409
3124
3132
4104
4107
4109
4110
1409
1411
2739
3140
4125
4126
4130
4131
2742
4119
4120
4121
2744
3142
4118
4120
4123
4124
1413
2745
4126
4127
4128
1414
3133
3144
4139
4140
4144
4145
1416
3136
4133
4134
4135
3138
4140
4141
4142
1417
3139
3147
4132
4135
4137
4138
1417
1419
2753
3155
4153
4154
4158
4159
2756
4147
4148
4149
2758
3157
4146
4148
4151
4152
1421
2759
4154
4155
4156
1422
3148
3159
4167
4168
4172
4173
1424
3151
4161
4162
4163
3153
4168
4169
4170
1425
3154
3162
4160
4163
4165
4166
1425
1427
2767
3170
4181
4182
4186
4187
2770
4175
4176
4177
2772
3172
4174
4176
4179
4180
1429
2773
4182
4183
4184
1430
3163
3174
4195
4196
4200
4201
1432
3166
4189
4190
4191
3168
4196
4197
4198
1433
3169
3177
4188
4191
4193
4194
1433
1435
2781
3185
4209
4210
4214
4215
2784
4203
4204
4205
2786
3187
4202
4204
4207
4208
1437
2787
4210
4211
4212
1438
3178
3189
4223
4224
4228
4229
1440
3181
4217
4218
4219
3183
4224
4225
4226
1441
3184
3192
4216
4219
4221
4222
1441
1443
2795
3200
4237
4238
4242
4243
2798
4231
4232
4233
2800
3202
4230
4232
4235
4236
1445
2801
4238
4239
4240
1446
3193
3204
4251
4252
4256
4257
1448
3196
4245
4246
4247
3198
4252
4253
4254
1449
3199
3207
4244
4247
4249
4250
1449
1451
2809
3215
4265
4266
4270
4271
2812
4259
4260
4261
2814
3217
4258
4260
4263
4264
1453
2815
4266
4267
4268
1454
3208
3219
4279
4280
4284
4285
1456
3211
4273
4274
4275
3213
4280
4281
4282
1457
3214
3222
4272
4275
4277
4278
1457
1459
2823
3230
4293
4294
4298
4299
2826
4287
4288
4289
2828
3232
4286
4288
4291
4292
1461
2829
4294
4295
4296
1462
3223
3234
4307
4308
4312
4313
1464
3226
4301
4302
4303
3228
4308
4309
4310
1465
3229
3237
4300
4303
4305
4306
1465
1467
2837
3245
4321
4322
4326
4327
2840
4315
4316
4317
2842
3247
4314
4316
4319
4320
1469
2843
4322
4323
4324
1470
3238
3249
4335
4336
4340
4341
1471
3241
4329
4330
4331
3243
4336
4337
4338
1472
3244
3252
4328
4331
4333
4334
4347
4348
4349
1474
4342
4343
4344
4345
4346
4348
4351
4352
1474
1475
3250
3254
4357
4358
4359
4360
3252
3255
4353
4354
4355
4356
1476
2845
3590
4365
4366
4367
4368
1478
2846
3592
4361
4362
4363
4364
1478
1479
3257
3594
4373
4374
4375
4376
3258
3595
4369
4370
4371
4372
1480
2848
3598
4381
4382
4383
4384
1482
2849
3599
4377
4378
4379
4380
1482
1483
3260
3602
4389
4390
4391
4392
3261
3603
4385
4386
4387
4388
1484
2851
3606
4397
4398
4399
4400
1485
2852
3607
4393
4394
4395
4396
3263
3610
4401
4402
4403
4404
5838
1488
1492
3281
3620
3621
3622
5100
1488
1491
1774
2016
2017
2018
1489
1776
3283
3623
3624
3625
1491
1492
1777
3284
1491
1492
5103
1779
3287
5105
1495
1498
1775
3295
3632
3633
3634
1495
1499
1781
2022
2023
2024
1496
1783
3297
3635
3636
3637
1498
1499
1784
3298
1498
1499
1778
1780
3300
1786
1502
1505
1782
3309
3644
3645
3646
1502
1506
1788
2028
2029
2030
1503
1790
3311
3647
3648
3649
1505
1506
1791
3312
1505
1506
1785
1787
3314
1793
1509
1512
1789
3323
3656
3657
3658
1509
1513
1795
2034
2035
2036
1510
1797
3325
3659
3660
3661
1512
1513
1798
3326
1512
1513
1792
1794
3328
1800
1516
1519
1796
3337
3668
3669
3670
1516
1520
1802
2040
2041
2042
1517
1804
3339
3671
3672
3673
1519
1520
1805
3340
1519
1520
1799
1801
3342
1807
1523
1526
1803
3351
3680
3681
3682
1523
1527
1809
2046
2047
2048
1524
1811
3353
3683
3684
3685
1526
1527
1812
3354
1526
1527
1806
1808
3356
1814
1530
1533
1810
3365
3692
3693
3694
1530
1534
1816
2052
2053
2054
1531
1818
3367
3695
3696
3697
1533
1534
1819
3368
1533
1534
1813
1815
3370
1821
1537
1540
1817
3379
3704
3705
3706
1537
1541
1823
2058
2059
2060
1538
1825
3381
3707
3708
3709
1540
1541
1826
3382
1540
1541
1820
1822
3384
1828
1544
1547
1824
3393
3716
3717
3718
1544
1548
1830
2064
2065
2066
1545
1832
3395
3719
3720
3721
1547
1548
1833
3396
1547
1548
1827
1829
3398
1835
1551
1554
1831
3407
3728
3729
3730
1551
1555
1837
2070
2071
2072
1552
1839
3409
3731
3732
3733
1554
1555
1840
3410
1554
1555
1834
1836
3412
1842
1558
1561
1838
3421
3740
3741
3742
1558
1562
1844
2076
2077
2078
1559
1846
3423
3743
3744
3745
1561
1562
1847
3424
1561
1562
1841
1843
3426
1849
1565
1568
1845
3435
3752
3753
3754
1565
1569
1851
2082
2083
2084
1566
1853
3437
3755
3756
3757
1568
1569
1854
3438
1568
1569
1848
1850
3440
1856
1572
1575
1852
3449
3764
3765
3766
1572
1576
1858
2088
2089
2090
1573
1861
3451
3767
3768
3769
1575
1576
1863
3452
1575
1576
1855
1857
3454
1864
1581
2378
4413
4415
4417
4418
4405
4406
4407
1585
4412
4413
4414
1581
1582
2381
1583
1587
2382
2383
1583
2384
3471
3472
3473
4407
4409
4410
4411
1589
2385
3474
3475
3476
4414
4416
4417
4418
1588
4427
4429
4431
4432
4419
4420
4421
1592
4426
4427
4428
1588
1589
1590
1593
2390
1590
2391
3477
3478
3479
4421
4423
4424
4425
1595
2392
3480
3481
3482
4428
4430
4431
4432
1594
4441
4443
5884
5886
4433
4434
4435
1594
1595
1596
2397
1596
2398
3483
3484
3485
4435
4437
4438
4439
2399
3486
3487
4442
4443
5828
5867
5885
5886
1599
1873
3782
3783
3784
4406
4448
4449
4450
4451
1599
1720
3471
4407
1875
3473
4410
1602
1876
3788
3789
3790
4419
4456
4457
4458
4459
1602
1874
3477
4421
1878
3479
4423
1605
1879
3794
3795
3796
4433
4464
4465
4466
4467
1605
1877
3483
4435
1880
3485
4437
1608
1610
4929
1608
1611
1612
1610
1611
1613
1617
1618
4932
1612
4933
1612
1897
1898
1903
1904
1907
5829
5849
1615
1618
1897
1615
1619
2150
2151
2153
5121
1616
1900
2158
2159
2160
1618
1619
1902
1618
1619
5124
1903
5126
1622
1623
3008
1622
1623
1735
2461
2462
2463
2464
1737
3009
4468
4469
4470
4471
1626
1629
2233
2235
2236
2489
2491
2492
2493
3523
1626
1630
2490
2491
2492
2494
5131
5779
5781
5783
1627
3526
1629
1630
3527
1629
1630
2492
2493
2494
3528
5132
1634
1636
1948
2215
2216
2217
3524
1634
1637
1942
1636
1637
1943
3525
1635
1949
1636
1637
1950
1951
3529
1947
1640
3620
5003
1640
2016
2018
3622
1643
2019
1643
1644
3626
2021
3628
1646
3632
1646
2022
2024
3634
1649
2025
1649
1650
3638
2027
3640
1652
3644
1652
2028
2030
3646
1655
2031
1655
1656
3650
2033
3652
1658
3656
1658
2034
2036
3658
1661
2037
1661
1662
3662
2039
3664
1664
3668
1664
2040
2042
3670
1667
2043
1667
1668
3674
2045
3676
1670
3680
1670
2046
2048
3682
1673
2049
1673
1674
3686
2051
3688
1676
3692
1676
2052
2054
3694
1679
2055
1679
1680
3698
2057
3700
1682
3704
1682
2058
2060
3706
1685
2061
1685
1686
3710
2063
3712
1688
3716
1688
2064
2066
3718
1691
2067
1691
1692
3722
2069
3724
1694
3728
1694
2070
2072
3730
1697
2073
1697
1698
3734
2075
3736
1700
3740
1700
2076
2078
3742
1703
2079
1703
1704
3746
2081
3748
1706
3752
1706
2082
2084
3754
1709
2085
1709
1710
3758
2087
3760
1712
3764
1712
2088
2090
3766
1715
2091
1715
1716
3770
2093
3772
1718
3776
1718
2094
2095
3778
1721
3457
3779
3780
3781
4476
4477
4478
4479
1721
2951
3458
2953
3460
1724
1725
1726
1724
1725
2984
5022
1729
2985
5024
1728
1729
1728
1729
1741
3825
3826
3828
3833
3834
3835
1742
1732
1733
2184
3824
1732
1733
1748
2973
2187
2974
1750
3830
1736
1737
1738
4484
4485
4486
4487
1736
1737
2973
2974
2975
2976
4480
4481
4482
4483
1739
1739
4488
4489
4490
4491
5841
3009
5840
1742
1743
2983
1742
1743
3868
3870
3873
2985
3876
3877
3879
1746
2203
3512
1746
1752
3854
2205
3859
1749
1750
2206
3867
1749
1750
2461
2208
2462
3872
1754
1755
2210
3881
1754
3882
1754
1755
1758
3885
1760
2213
1759
1760
2214
3895
1759
2215
3513
1759
1760
2217
3898
1764
1765
1766
2232
3915
1764
1765
2233
2489
1764
1766
2490
2236
2491
2237
3920
3921
1771
1772
1773
1771
1772
2203
2204
2205
2234
2235
2238
3523
1771
1773
1941
3854
3856
3859
1772
1773
1943
3525
3862
3863
3866
3526
1945
1776
1779
2019
2020
2021
1776
1780
3289
3626
3627
3628
1777
3290
3629
3630
3631
1779
1780
3291
1779
1780
3294
1783
1786
2025
2026
2027
1783
1787
3303
3638
3639
3640
1784
3304
3641
3642
3643
1786
1787
3305
1786
1787
3308
1790
1793
2031
2032
2033
1790
1794
3317
3650
3651
3652
1791
3318
3653
3654
3655
1793
1794
3319
1793
1794
3322
1797
1800
2037
2038
2039
1797
1801
3331
3662
3663
3664
1798
3332
3665
3666
3667
1800
1801
3333
1800
1801
3336
1804
1807
2043
2044
2045
1804
1808
3345
3674
3675
3676
1805
3346
3677
3678
3679
1807
1808
3347
1807
1808
3350
1811
1814
2049
2050
2051
1811
1815
3359
3686
3687
3688
1812
3360
3689
3690
3691
1814
1815
3361
1814
1815
3364
1818
1821
2055
2056
2057
1818
1822
3373
3698
3699
3700
1819
3374
3701
3702
3703
1821
1822
3375
1821
1822
3378
1825
1828
2061
2062
2063
1825
1829
3387
3710
3711
3712
1826
3388
3713
3714
3715
1828
1829
3389
1828
1829
3392
1832
1835
2067
2068
2069
1832
1836
3401
3722
3723
3724
1833
3402
3725
3726
3727
1835
1836
3403
1835
1836
3406
1839
1842
2073
2074
2075
1839
1843
3415
3734
3735
3736
1840
3416
3737
3738
3739
1842
1843
3417
1842
1843
3420
1846
1849
2079
2080
2081
1846
1850
3429
3746
3747
3748
1847
3430
3749
3750
3751
1849
1850
3431
1849
1850
3434
1853
1856
2085
2086
2087
1853
1857
3443
3758
3759
3760
1854
3444
3761
3762
3763
1856
1857
3445
1856
1857
3448
1861
1864
2091
2092
2093
1861
1862
3457
3770
3771
3772
1862
1864
1863
3459
3773
3774
3775
1863
3460
1864
3461
1867
1868
1869
3467
1867
1868
2094
1871
2095
3469
1871
1872
3463
1871
1872
2130
2132
3466
1875
3785
3786
3787
4412
4496
4497
4498
4499
1875
3474
4414
3476
4416
1878
3791
3792
3793
4426
4504
4505
4506
4507
1878
3480
4428
3482
4430
1880
3797
3798
3799
4440
4509
4510
4511
4512
5827
3487
4442
5847
1883
1884
1885
3492
1883
1884
2126
1887
2128
3494
1887
1888
3488
1887
1888
2138
2140
3491
1891
1892
1893
3500
1891
1892
2134
1895
2136
3502
1895
1896
3496
1895
1896
2146
2148
3499
1900
1903
1901
1903
1904
1900
1901
1909
1910
1912
2164
2165
2167
1902
2172
2173
2174
1902
1905
1917
1918
1919
1903
1906
1907
1905
1907
5829
1906
2190
2191
2192
5848
1907
5850
5849
1912
1913
1914
1915
1912
1913
2178
1912
1914
1918
1913
1914
2180
4480
1919
2181
1921
4481
1919
1920
1921
1920
1921
2189
4484
1919
1920
2190
1919
1921
2193
4485
1924
1925
1926
3508
1924
1925
2142
1928
2144
3510
1928
1929
3504
1928
1929
2200
2202
3507
3523
4513
4514
1932
3524
4516
4517
3530
4519
4520
1935
1936
1937
3519
1935
1936
2196
1939
2198
3521
1939
1940
3515
1939
1940
2229
2231
3518
1944
1945
3882
3884
3885
1944
1947
1945
1947
1946
1946
1947
1949
1951
2220
2221
2222
3530
5832
1950
5851
1951
5853
3533
5852
1954
1955
1956
3538
1954
1955
2225
1958
2227
3540
1958
1959
3534
1958
1959
2244
2246
3537
1962
1963
1964
3546
1962
1963
2240
1966
2242
3548
1966
1967
3542
1966
1967
2252
2254
3545
1970
1971
1972
3554
1970
1971
2248
1974
2250
3556
1974
1975
3550
1974
1975
2260
2262
3553
1978
1979
1980
3562
1978
1979
2256
1982
2258
3564
1982
1983
3558
1982
1983
2268
2270
3561
1986
1987
1988
3570
1986
1987
2264
1990
2266
3572
1990
1991
3566
1990
1991
2276
2278
3569
1994
1995
1996
3578
1994
1995
2272
1998
2274
3580
1998
1999
3574
1998
1999
2284
2286
3577
2002
2003
2004
3586
2002
2003
2280
2006
2282
3588
2006
2007
3582
2006
2007
2292
2294
3585
2010
2011
2012
3616
2010
2011
2288
2014
2290
3618
2014
2015
3612
2014
2015
2296
2298
3615
2018
2018
2020
3624
3625
2021
2021
3629
3631
2024
2024
2026
3636
3637
2027
2027
3641
3643
2030
2030
2032
3648
3649
2033
2033
3653
3655
2036
2036
2038
3660
3661
2039
2039
3665
3667
2042
2042
2044
3672
3673
2045
2045
3677
3679
2048
2048
2050
3684
3685
2051
2051
3689
3691
2054
2054
2056
3696
3697
2057
2057
3701
3703
2060
2060
2062
3708
3709
2063
2063
3713
3715
2066
2066
2068
3720
3721
2069
2069
3725
3727
2072
2072
2074
3732
3733
2075
2075
3737
3739
2078
2078
2080
3744
3745
2081
2081
3749
3751
2084
2084
2086
3756
3757
2087
2087
3761
3763
2090
2090
2092
3768
3769
2093
2093
3773
3775
2095
2097
2097
2100
3468
3777
3469
3778
2099
2102
2932
4472
2101
2933
4473
2101
3780
4476
3781
4478
2103
2935
4444
2105
2936
4445
2105
2108
3783
4448
3784
4449
2107
2110
2938
4492
2109
2939
4493
2109
3786
4496
3787
4497
2111
2941
4452
2113
2942
4453
2113
2116
3789
4456
3790
4457
2115
2118
2944
4500
2117
2945
4501
2117
3792
4504
3793
4505
2119
2947
4460
2121
2948
4461
2121
2123
3795
4464
3796
4465
2124
2950
4508
5854
2124
3798
4509
3799
4510
2127
2128
2129
3804
2127
2128
2131
3806
2131
2132
3800
2131
2132
3802
2135
2136
2137
3812
2135
2136
2139
3814
2139
2140
3808
2139
2140
3810
2143
2144
2145
3820
2143
2144
2147
3822
2147
2148
3816
2147
2148
3818
2153
2154
2155
2156
2153
2155
5214
2153
2154
2159
2154
2155
5216
2160
2162
5219
2160
2161
2162
2161
2162
2171
2160
2161
2172
2160
2162
2175
2167
2168
2169
2170
2167
2169
2178
2167
2168
2173
2168
2169
2179
2174
2176
2182
2174
2175
2176
2175
2176
2174
2175
2174
2176
2181
2182
2183
2181
2182
2182
2183
2181
2183
2185
2186
2186
2187
3831
2186
2187
4480
3836
4482
2192
2193
2194
5855
2193
2194
4488
2192
2193
2192
2194
5857
5859
4489
5860
2197
2198
2199
3842
2197
2198
2201
3844
2201
2202
3838
2201
2202
3840
2205
4513
2205
3862
3866
2208
2209
3874
2208
2209
2211
4468
4469
2212
3880
2212
2213
3888
2212
2213
3896
3893
3898
2217
2218
3899
2217
4516
2217
2218
2221
2223
3902
2222
2223
3903
5842
2222
4519
5843
2222
2223
5845
3906
2226
2227
2228
3911
2226
2227
2230
3913
2230
2231
3907
2230
2231
3909
2236
2237
2238
2236
2237
2237
2238
2236
2238
2241
2242
2243
3926
2241
2242
2245
3928
2245
2246
3922
2245
2246
3924
2249
2250
2251
3934
2249
2250
2253
3936
2253
2254
3930
2253
2254
3932
2257
2258
2259
3942
2257
2258
2261
3944
2261
2262
3938
2261
2262
3940
2265
2266
2267
3950
2265
2266
2269
3952
2269
2270
3946
2269
2270
3948
2273
2274
2275
3958
2273
2274
2277
3960
2277
2278
3954
2277
2278
3956
2281
2282
2283
3966
2281
2282
2285
3968
2285
2286
3962
2285
2286
3964
2289
2290
2291
3974
2289
2290
2293
3976
2293
2294
3970
2293
2294
3972
2297
2298
4342
4346
2297
2298
4349
4350
4344
4351
2301
2303
5344
2301
2304
3288
3292
3293
2305
2306
2303
2304
5347
2305
5348
2305
2309
2310
2308
2310
2308
2311
3302
3306
3307
2312
2313
2310
2311
2312
2312
2316
2317
2315
2317
2315
2318
3316
3320
3321
2319
2320
2317
2318
2319
2319
2323
2324
2322
2324
2322
2325
3330
3334
3335
2326
2327
2324
2325
2326
2326
2330
2331
2329
2331
2329
2332
3344
3348
3349
2333
2334
2331
2332
2333
2333
2337
2338
2336
2338
2336
2339
3358
3362
3363
2340
2341
2338
2339
2340
2340
2344
2345
2343
2345
2343
2346
3372
3376
3377
2347
2348
2345
2346
2347
2347
2351
2352
2350
2352
2350
2353
3386
3390
3391
2354
2355
2352
2353
2354
2354
2358
2359
2357
2359
2357
2360
3400
3404
3405
2361
2362
2359
2360
2361
2361
2365
2366
2364
2366
2364
2367
3414
3418
3419
2368
2369
2366
2367
2368
2368
2372
2373
2371
2373
2371
2374
3428
3432
3433
2375
2376
2373
2374
2375
2375
2379
2380
2378
2380
2378
2381
3442
3446
3447
2382
2380
2381
2382
2382
2385
2387
2385
2388
2389
2391
2404
2387
2388
2389
2393
2413
2389
2405
2414
2395
2406
2415
2392
2394
2392
2395
2396
2398
2407
2394
2395
2396
2400
2396
2408
2402
2409
2399
2401
2399
2402
2403
2410
2401
2402
2403
2403
2411
2412
2406
3475
2406
2957
2408
2420
2409
3481
2409
2411
2412
3486
5828
2412
2415
2417
2415
2418
2419
2420
2417
2418
2419
2430
2419
2421
2431
2422
2432
2422
2422
2963
2437
2425
2427
2425
2428
2429
2427
2428
2429
2447
2967
2969
2971
2429
2448
2449
2432
2434
2432
2435
2436
2437
2434
2435
2436
2465
2436
2438
2466
2439
2467
2439
2439
2980
2472
2442
2444
4569
2442
2445
2446
2447
2444
2445
4569
2446
2475
2988
2990
2991
4569
2446
2450
2476
2451
2477
2995
2996
2998
2449
2451
2456
2457
2460
2449
2452
2453
2451
2452
2453
3002
3004
3006
2453
2458
2459
2460
3001
2458
2459
2968
3869
3870
3871
2458
2460
2969
2459
2460
3002
2972
3005
3875
3876
3878
3006
2462
2464
2973
2463
4469
2464
4471
2976
2467
2469
2467
2470
2471
2472
2469
2470
2471
2495
2471
2473
2496
2474
2497
2474
2474
3013
2502
2477
2479
2484
2485
2487
5359
2477
2480
2481
2479
2480
5362
2481
5363
2481
2486
2487
2488
2486
2488
2989
3917
3918
3919
5455
2486
2487
2990
2487
2488
5456
2992
5459
2491
2493
2491
2494
2492
2493
2494
2497
2499
2497
2500
2501
2502
2499
2500
2501
2505
2501
2503
2506
2504
2507
2504
2504
3019
2512
2507
2509
2507
2510
2511
2512
2509
2510
2511
2515
2511
2513
2516
2514
2517
2514
2514
3025
2522
2517
2519
2517
2520
2521
2522
2519
2520
2521
2525
2521
2523
2526
2524
2527
2524
2524
3031
2532
2527
2529
2527
2530
2531
2532
2529
2530
2531
2535
2531
2533
2536
2534
2537
2534
2534
3037
2542
2537
2539
2537
2540
2541
2542
2539
2540
2541
2545
2541
2543
2546
2544
2547
2544
2544
3043
2552
2547
2549
2547
2550
2551
2552
2549
2550
2551
2639
2551
2553
2640
2554
2641
2554
2554
3049
2660
2557
2559
5388
2557
2560
2561
2562
2559
2560
2670
2671
2673
5391
2561
5392
2561
2565
3059
3060
3062
2566
2564
2566
2564
2567
2568
2569
2566
2567
2684
2685
2687
2568
2568
2572
3074
3075
3077
2573
2571
2573
2571
2574
2575
2576
2573
2574
2698
2699
2701
2575
2575
2579
3089
3090
3092
2580
2578
2580
2578
2581
2582
2583
2580
2581
2712
2713
2715
2582
2582
2586
3104
3105
3107
2587
2585
2587
2585
2588
2589
2590
2587
2588
2726
2727
2729
2589
2589
2593
3119
3120
3122
2594
2592
2594
2592
2595
2596
2597
2594
2595
2740
2741
2743
2596
2596
2600
3134
3135
3137
2601
2599
2601
2599
2602
2603
2604
2601
2602
2754
2755
2757
2603
2603
2607
3149
3150
3152
2608
2606
2608
2606
2609
2610
2611
2608
2609
2768
2769
2771
2610
2610
2614
3164
3165
3167
2615
2613
2615
2613
2616
2617
2618
2615
2616
2782
2783
2785
2617
2617
2621
3179
3180
3182
2622
2620
2622
2620
2623
2624
2625
2622
2623
2796
2797
2799
2624
2624
2628
3194
3195
3197
2629
2627
2629
2627
2630
2631
2632
2629
2630
2810
2811
2813
2631
2631
2635
3209
3210
3212
2636
2634
2636
2634
2637
2638
2636
2637
2824
2825
2827
2638
2638
3224
3225
3227
2641
2643
2641
2644
2645
2647
2660
2643
2644
2645
2649
2645
2661
2651
2662
2648
2650
2648
2651
2652
2654
2663
2650
2651
2652
2656
2652
2664
2658
2665
2655
2657
2655
2658
2659
2666
2657
2658
2659
2659
2667
2668
2662
2662
2844
3055
2664
3256
2665
2665
2847
2667
3259
2668
2668
2850
3262
5825
2673
2674
2675
3058
2673
2675
5504
2673
2674
3059
2674
2675
3980
3981
3983
5505
3062
3063
3986
3987
3990
5508
2678
2680
5420
2678
2681
2682
2690
2680
2681
3066
3067
5423
2682
5424
2682
2693
3070
3071
2694
2687
2688
2689
3073
2687
2688
3060
2687
2689
3074
2688
2689
3061
4008
4009
4011
3077
3064
3078
4014
4015
4018
2692
2694
2692
2695
2696
2704
2694
2695
3081
3083
2696
2696
2707
3085
3086
2708
2701
2702
2703
3088
2701
2702
3075
2701
2703
3089
2702
2703
3076
4036
4037
4039
3092
3079
3093
4042
4043
4046
2706
2708
2706
2709
2710
2718
2708
2709
3096
3098
2710
2710
2721
3100
3101
2722
2715
2716
2717
3103
2715
2716
3090
2715
2717
3104
2716
2717
3091
4064
4065
4067
3107
3094
3108
4070
4071
4074
2720
2722
2720
2723
2724
2732
2722
2723
3111
3113
2724
2724
2735
3115
3116
2736
2729
2730
2731
3118
2729
2730
3105
2729
2731
3119
2730
2731
3106
4092
4093
4095
3122
3109
3123
4098
4099
4102
2734
2736
2734
2737
2738
2746
2736
2737
3126
3128
2738
2738
2749
3130
3131
2750
2743
2744
2745
3133
2743
2744
3120
2743
2745
3134
2744
2745
3121
4120
4121
4123
3137
3124
3138
4126
4127
4130
2748
2750
2748
2751
2752
2760
2750
2751
3141
3143
2752
2752
2763
3145
3146
2764
2757
2758
2759
3148
2757
2758
3135
2757
2759
3149
2758
2759
3136
4148
4149
4151
3152
3139
3153
4154
4155
4158
2762
2764
2762
2765
2766
2774
2764
2765
3156
3158
2766
2766
2777
3160
3161
2778
2771
2772
2773
3163
2771
2772
3150
2771
2773
3164
2772
2773
3151
4176
4177
4179
3167
3154
3168
4182
4183
4186
2776
2778
2776
2779
2780
2788
2778
2779
3171
3173
2780
2780
2791
3175
3176
2792
2785
2786
2787
3178
2785
2786
3165
2785
2787
3179
2786
2787
3166
4204
4205
4207
3182
3169
3183
4210
4211
4214
2790
2792
2790
2793
2794
2802
2792
2793
3186
3188
2794
2794
2805
3190
3191
2806
2799
2800
2801
3193
2799
2800
3180
2799
2801
3194
2800
2801
3181
4232
4233
4235
3197
3184
3198
4238
4239
4242
2804
2806
2804
2807
2808
2816
2806
2807
3201
3203
2808
2808
2819
3205
3206
2820
2813
2814
2815
3208
2813
2814
3195
2813
2815
3209
2814
2815
3196
4260
4261
4263
3212
3199
3213
4266
4267
4270
2818
2820
2818
2821
2822
2830
2820
2821
3216
3218
2822
2822
2833
3220
3221
2834
2827
2828
2829
3223
2827
2828
3210
2827
2829
3224
2828
2829
3211
4288
4289
4291
3227
3214
3228
4294
4295
4298
2832
2834
2832
2835
2836
2834
2835
3231
3233
2836
2836
3235
3236
2841
2842
2843
3238
2841
2842
3225
2841
2843
3239
2842
2843
3226
4316
4317
4319
3242
3229
3243
4322
4323
4326
2846
3256
2846
3254
3258
2849
3259
2849
3257
3261
2852
3262
2852
3260
3263
2855
3281
3621
5440
2855
2856
3282
2858
3283
3623
2858
3288
2858
2859
3289
3627
3290
3630
2861
3295
3633
2861
2862
3296
2864
3297
3635
2864
3302
2864
2865
3303
3639
3304
3642
2867
3309
3645
2867
2868
3310
2870
3311
3647
2870
3316
2870
2871
3317
3651
3318
3654
2873
3323
3657
2873
2874
3324
2876
3325
3659
2876
3330
2876
2877
3331
3663
3332
3666
2879
3337
3669
2879
2880
3338
2882
3339
3671
2882
3344
2882
2883
3345
3675
3346
3678
2885
3351
3681
2885
2886
3352
2888
3353
3683
2888
3358
2888
2889
3359
3687
3360
3690
2891
3365
3693
2891
2892
3366
2894
3367
3695
2894
3372
2894
2895
3373
3699
3374
3702
2897
3379
3705
2897
2898
3380
2900
3381
3707
2900
3386
2900
2901
3387
3711
3388
3714
2903
3393
3717
2903
2904
3394
2906
3395
3719
2906
3400
2906
2907
3401
3723
3402
3726
2909
3407
3729
2909
2910
3408
2912
3409
3731
2912
3414
2912
2913
3415
3735
3416
3738
2915
3421
3741
2915
2916
3422
2918
3423
3743
2918
3428
2918
2919
3429
3747
3430
3750
2921
3435
3753
2921
2922
3436
2924
3437
3755
2924
3442
2924
2925
3443
3759
3444
3762
2927
3449
3765
2927
2928
3450
2930
3451
3767
2930
3264
3456
2930
3457
3771
3779
3459
3774
2933
3779
2933
2935
3781
2936
3782
2936
3784
2939
3785
2939
2941
3787
2942
3788
2942
3790
2945
3791
2945
2947
3793
2948
3794
2948
3796
2950
3797
5822
5826
5827
3799
5827
5862
2953
3471
2953
2954
2956
2956
2957
2959
2959
2959
2960
2962
2962
2963
2965
2965
2965
2977
2970
2971
2972
2970
2971
2970
2972
3826
3827
3829
2971
2972
3832
3834
3837
2974
2976
2975
4482
2976
4483
2979
2979
2980
2982
2982
2982
3010
2985
2986
2985
2986
5566
5568
2991
2992
2993
2994
2991
2993
4757
2992
2993
4757
2991
2992
2996
2998
3000
3847
3848
3850
4757
2998
2999
3000
2998
2999
3002
2998
3000
2999
3000
3003
3855
3856
3857
3005
3861
3863
3865
3005
3006
3007
3005
3006
3005
3007
3883
3884
3887
3006
3007
3889
3891
3894
3009
5864
5863
3012
3012
3013
3015
3015
3015
3016
3018
3018
3019
3021
3021
3021
3022
3024
3024
3025
3027
3027
3027
3028
3030
3030
3031
3033
3033
3033
3034
3036
3036
3037
3039
3039
3039
3040
3042
3042
3043
3045
3045
3045
3046
3048
3048
3049
3051
3051
3051
3052
3054
3054
3055
3057
3057
3057
3253
3062
3063
3064
3062
3063
3062
3064
3063
3064
3994
3995
3997
4000
4001
4004
3067
3068
3069
3067
3068
5514
3071
5516
3071
3072
3071
3072
3081
3082
3077
3078
3079
3077
3078
3077
3079
3078
3079
4022
4023
4025
4028
4029
4032
3082
3083
3084
3082
3083
3086
3086
3087
3086
3087
3096
3097
3092
3093
3094
3092
3093
3092
3094
3093
3094
4050
4051
4053
4056
4057
4060
3097
3098
3099
3097
3098
3101
3101
3102
3101
3102
3111
3112
3107
3108
3109
3107
3108
3107
3109
3108
3109
4078
4079
4081
4084
4085
4088
3112
3113
3114
3112
3113
3116
3116
3117
3116
3117
3126
3127
3122
3123
3124
3122
3123
3122
3124
3123
3124
4106
4107
4109
4112
4113
4116
3127
3128
3129
3127
3128
3131
3131
3132
3131
3132
3141
3142
3137
3138
3139
3137
3138
3137
3139
3138
3139
4134
4135
4137
4140
4141
4144
3142
3143
3144
3142
3143
3146
3146
3147
3146
3147
3156
3157
3152
3153
3154
3152
3153
3152
3154
3153
3154
4162
4163
4165
4168
4169
4172
3157
3158
3159
3157
3158
3161
3161
3162
3161
3162
3171
3172
3167
3168
3169
3167
3168
3167
3169
3168
3169
4190
4191
4193
4196
4197
4200
3172
3173
3174
3172
3173
3176
3176
3177
3176
3177
3186
3187
3182
3183
3184
3182
3183
3182
3184
3183
3184
4218
4219
4221
4224
4225
4228
3187
3188
3189
3187
3188
3191
3191
3192
3191
3192
3201
3202
3197
3198
3199
3197
3198
3197
3199
3198
3199
4246
4247
4249
4252
4253
4256
3202
3203
3204
3202
3203
3206
3206
3207
3206
3207
3216
3217
3212
3213
3214
3212
3213
3212
3214
3213
3214
4274
4275
4277
4280
4281
4284
3217
3218
3219
3217
3218
3221
3221
3222
3221
3222
3231
3232
3227
3228
3229
3227
3228
3227
3229
3228
3229
4302
4303
4305
4308
4309
4312
3232
3233
3234
3232
3233
3236
3236
3237
3236
3237
3246
3247
3242
3243
3244
3242
3243
3242
3244
3243
3244
4330
4331
4333
4336
4337
4340
3247
3248
3249
3247
3248
3251
3251
3252
3251
3252
3590
3591
3255
3255
3258
3258
3261
3261
3263
5825
5865
3266
4405
3266
3267
3782
4406
3269
4408
3269
3785
4412
3269
3271
4413
4415
3272
3273
3788
4419
3272
4420
3275
4422
3275
3791
4426
3275
3277
4427
4429
3278
3279
3794
4433
3278
4434
3280
4436
3280
3797
4440
5826
4441
5866
3283
3287
5550
3283
3286
3288
3284
3290
3286
3287
3291
3286
3287
5553
3293
5555
3290
3293
3290
3294
3295
3291
3293
3294
3293
3294
3299
3300
3297
3300
3297
3301
3302
3298
3304
3300
3301
3305
3300
3301
3307
3304
3307
3304
3308
3309
3305
3307
3308
3307
3308
3313
3314
3311
3314
3311
3315
3316
3312
3318
3314
3315
3319
3314
3315
3321
3318
3321
3318
3322
3323
3319
3321
3322
3321
3322
3327
3328
3325
3328
3325
3329
3330
3326
3332
3328
3329
3333
3328
3329
3335
3332
3335
3332
3336
3337
3333
3335
3336
3335
3336
3341
3342
3339
3342
3339
3343
3344
3340
3346
3342
3343
3347
3342
3343
3349
3346
3349
3346
3350
3351
3347
3349
3350
3349
3350
3355
3356
3353
3356
3353
3357
3358
3354
3360
3356
3357
3361
3356
3357
3363
3360
3363
3360
3364
3365
3361
3363
3364
3363
3364
3369
3370
3367
3370
3367
3371
3372
3368
3374
3370
3371
3375
3370
3371
3377
3374
3377
3374
3378
3379
3375
3377
3378
3377
3378
3383
3384
3381
3384
3381
3385
3386
3382
3388
3384
3385
3389
3384
3385
3391
3388
3391
3388
3392
3393
3389
3391
3392
3391
3392
3397
3398
3395
3398
3395
3399
3400
3396
3402
3398
3399
3403
3398
3399
3405
3402
3405
3402
3406
3407
3403
3405
3406
3405
3406
3411
3412
3409
3412
3409
3413
3414
3410
3416
3412
3413
3417
3412
3413
3419
3416
3419
3416
3420
3421
3417
3419
3420
3419
3420
3425
3426
3423
3426
3423
3427
3428
3424
3430
3426
3427
3431
3426
3427
3433
3430
3433
3430
3434
3435
3431
3433
3434
3433
3434
3439
3440
3437
3440
3437
3441
3442
3438
3444
3440
3441
3445
3440
3441
3447
3444
3447
3444
3448
3449
3445
3447
3448
3447
3448
3453
3454
3451
3454
3451
3455
3456
3452
3459
3454
3455
3461
3454
3455
3462
3459
3462
4405
3459
3460
3460
3462
4407
3461
3461
3462
4409
3465
3466
3467
3465
3466
3801
3470
3802
3469
3470
3469
3470
4476
4477
3473
3473
3475
3476
3476
3477
3476
3479
3479
3481
3482
3482
3483
3482
3485
3485
3486
3487
3487
5828
5867
3490
3491
3492
3490
3491
3809
3495
3810
3494
3495
3494
3495
3805
3806
3498
3499
3500
3498
3499
3817
3503
3818
3502
3503
3502
3503
3813
3814
3506
3507
3508
3506
3507
3839
3511
3840
3510
3511
3510
3511
3821
3822
3514
4513
3514
4516
4515
4518
3517
3518
3519
3517
3518
3908
3522
3909
3521
3522
3521
3522
3843
3844
3526
3528
4513
4514
4515
3528
3529
3530
4516
4517
4518
3526
3529
3527
3528
3529
3531
3532
3533
3532
3533
4519
4520
4521
5831
3532
3533
5873
5871
5872
3536
3537
3538
3536
3537
3923
3541
3924
3540
3541
3540
3541
3912
3913
3544
3545
3546
3544
3545
3931
3549
3932
3548
3549
3548
3549
3927
3928
3552
3553
3554
3552
3553
3939
3557
3940
3556
3557
3556
3557
3935
3936
3560
3561
3562
3560
3561
3947
3565
3948
3564
3565
3564
3565
3943
3944
3568
3569
3570
3568
3569
3955
3573
3956
3572
3573
3572
3573
3951
3952
3576
3577
3578
3576
3577
3963
3581
3964
3580
3581
3580
3581
3959
3960
3584
3585
3586
3584
3585
3971
3589
3972
3588
3589
3588
3589
3967
3968
3591
3592
3593
3593
3595
3596
3595
3597
3598
3596
3597
3601
3599
3601
3600
3603
3601
3604
3603
3605
3606
3604
3605
3609
3607
3609
3608
3610
3609
3611
3611
5874
5875
3614
3615
3616
3614
3615
4343
3619
4344
3618
3619
3618
3619
3975
3976
3622
5625
3622
3623
3625
3625
3625
3629
3628
3632
3628
3630
3631
3631
3631
3634
3634
3635
3637
3637
3637
3641
3640
3644
3640
3642
3643
3643
3643
3646
3646
3647
3649
3649
3649
3653
3652
3656
3652
3654
3655
3655
3655
3658
3658
3659
3661
3661
3661
3665
3664
3668
3664
3666
3667
3667
3667
3670
3670
3671
3673
3673
3673
3677
3676
3680
3676
3678
3679
3679
3679
3682
3682
3683
3685
3685
3685
3689
3688
3692
3688
3690
3691
3691
3691
3694
3694
3695
3697
3697
3697
3701
3700
3704
3700
3702
3703
3703
3703
3706
3706
3707
3709
3709
3709
3713
3712
3716
3712
3714
3715
3715
3715
3718
3718
3719
3721
3721
3721
3725
3724
3728
3724
3726
3727
3727
3727
3730
3730
3731
3733
3733
3733
3737
3736
3740
3736
3738
3739
3739
3739
3742
3742
3743
3745
3745
3745
3749
3748
3752
3748
3750
3751
3751
3751
3754
3754
3755
3757
3757
3757
3761
3760
3764
3760
3762
3763
3763
3763
3766
3766
3767
3769
3769
3769
3773
3772
3776
3772
3774
3775
3775
3775
3778
3778
3780
3781
3781
3784
3784
3786
3787
3787
3790
3790
3792
3793
3793
3796
3796
3798
3799
3799
3802
3803
3804
3802
3803
3807
3806
3807
3806
3807
3810
3811
3812
3810
3811
3815
3814
3815
3814
3815
3818
3819
3820
3818
3819
3823
3822
3823
3822
3823
3828
3829
3830
3831
3828
3830
3868
3828
3829
3834
3829
3830
3869
3835
3837
3872
3835
3836
3837
3836
3837
3835
3836
3835
3837
3840
3841
3842
3840
3841
3845
3844
3845
3844
3845
3850
3851
3852
3850
3851
3861
3850
3852
3851
3852
3862
3864
3857
3858
3859
3860
3858
3859
3882
3857
3858
3883
3857
3859
3863
3865
3886
3866
3864
3865
3866
3864
3865
3864
3866
3865
3866
3871
3872
3873
3874
3872
3873
3871
3872
3871
3873
3876
3878
3879
3878
3879
3880
3878
3880
3889
3878
3879
3879
3880
3890
3893
3885
3886
3887
3888
3885
3886
3886
3887
3891
3885
3887
3892
3894
3892
3893
3894
3893
3894
3892
3893
3892
3894
3897
3898
3899
3897
3898
4468
3901
4470
3901
3902
3901
3902
3904
3906
3905
3906
5876
3905
3906
5878
3909
3910
3911
3909
3910
3914
3913
3914
3913
3914
3919
3920
3921
3920
3921
5649
3919
3920
3919
3921
5651
5654
3924
3925
3926
3924
3925
3929
3928
3929
3928
3929
3932
3933
3934
3932
3933
3937
3936
3937
3936
3937
3940
3941
3942
3940
3941
3945
3944
3945
3944
3945
3948
3949
3950
3948
3949
3953
3952
3953
3952
3953
3956
3957
3958
3956
3957
3961
3960
3961
3960
3961
3964
3965
3966
3964
3965
3969
3968
3969
3968
3969
3972
3973
3974
3972
3973
3977
3976
3977
3976
3977
3982
3983
3984
3985
3982
3984
5755
3982
3983
3987
3983
3984
5757
3989
3990
5760
3989
3990
3991
3990
3991
4000
3989
3990
3989
3991
4002
4005
3996
3997
3998
3999
3996
3998
4007
3996
3997
4001
3997
3998
4008
4003
4004
4012
4003
4004
4005
4004
4005
4003
4004
4003
4005
4010
4011
4012
4013
4010
4012
4011
4012
4010
4011
4015
4017
4018
4017
4018
4019
4018
4019
4028
4017
4018
4017
4019
4030
4033
4024
4025
4026
4027
4024
4026
4035
4024
4025
4029
4025
4026
4036
4031
4032
4040
4031
4032
4033
4032
4033
4031
4032
4031
4033
4038
4039
4040
4041
4038
4040
4039
4040
4038
4039
4043
4045
4046
4045
4046
4047
4046
4047
4056
4045
4046
4045
4047
4058
4061
4052
4053
4054
4055
4052
4054
4063
4052
4053
4057
4053
4054
4064
4059
4060
4068
4059
4060
4061
4060
4061
4059
4060
4059
4061
4066
4067
4068
4069
4066
4068
4067
4068
4066
4067
4071
4073
4074
4073
4074
4075
4074
4075
4084
4073
4074
4073
4075
4086
4089
4080
4081
4082
4083
4080
4082
4091
4080
4081
4085
4081
4082
4092
4087
4088
4096
4087
4088
4089
4088
4089
4087
4088
4087
4089
4094
4095
4096
4097
4094
4096
4095
4096
4094
4095
4099
4101
4102
4101
4102
4103
4102
4103
4112
4101
4102
4101
4103
4114
4117
4108
4109
4110
4111
4108
4110
4119
4108
4109
4113
4109
4110
4120
4115
4116
4124
4115
4116
4117
4116
4117
4115
4116
4115
4117
4122
4123
4124
4125
4122
4124
4123
4124
4122
4123
4127
4129
4130
4129
4130
4131
4130
4131
4140
4129
4130
4129
4131
4142
4145
4136
4137
4138
4139
4136
4138
4147
4136
4137
4141
4137
4138
4148
4143
4144
4152
4143
4144
4145
4144
4145
4143
4144
4143
4145
4150
4151
4152
4153
4150
4152
4151
4152
4150
4151
4155
4157
4158
4157
4158
4159
4158
4159
4168
4157
4158
4157
4159
4170
4173
4164
4165
4166
4167
4164
4166
4175
4164
4165
4169
4165
4166
4176
4171
4172
4180
4171
4172
4173
4172
4173
4171
4172
4171
4173
4178
4179
4180
4181
4178
4180
4179
4180
4178
4179
4183
4185
4186
4185
4186
4187
4186
4187
4196
4185
4186
4185
4187
4198
4201
4192
4193
4194
4195
4192
4194
4203
4192
4193
4197
4193
4194
4204
4199
4200
4208
4199
4200
4201
4200
4201
4199
4200
4199
4201
4206
4207
4208
4209
4206
4208
4207
4208
4206
4207
4211
4213
4214
4213
4214
4215
4214
4215
4224
4213
4214
4213
4215
4226
4229
4220
4221
4222
4223
4220
4222
4231
4220
4221
4225
4221
4222
4232
4227
4228
4236
4227
4228
4229
4228
4229
4227
4228
4227
4229
4234
4235
4236
4237
4234
4236
4235
4236
4234
4235
4239
4241
4242
4241
4242
4243
4242
4243
4252
4241
4242
4241
4243
4254
4257
4248
4249
4250
4251
4248
4250
4259
4248
4249
4253
4249
4250
4260
4255
4256
4264
4255
4256
4257
4256
4257
4255
4256
4255
4257
4262
4263
4264
4265
4262
4264
4263
4264
4262
4263
4267
4269
4270
4269
4270
4271
4270
4271
4280
4269
4270
4269
4271
4282
4285
4276
4277
4278
4279
4276
4278
4287
4276
4277
4281
4277
4278
4288
4283
4284
4292
4283
4284
4285
4284
4285
4283
4284
4283
4285
4290
4291
4292
4293
4290
4292
4291
4292
4290
4291
4295
4297
4298
4297
4298
4299
4298
4299
4308
4297
4298
4297
4299
4310
4313
4304
4305
4306
4307
4304
4306
4315
4304
4305
4309
4305
4306
4316
4311
4312
4320
4311
4312
4313
4312
4313
4311
4312
4311
4313
4318
4319
4320
4321
4318
4320
4319
4320
4318
4319
4323
4325
4326
4325
4326
4327
4326
4327
4336
4325
4326
4325
4327
4338
4341
4332
4333
4334
4335
4332
4334
4347
4332
4333
4337
4333
4334
4348
4339
4340
4352
4339
4340
4341
4340
4341
4339
4340
4339
4341
4344
4345
4344
4345
4354
4356
4350
4351
4352
4350
4352
4351
4352
4350
4351
4355
4356
4357
4355
4356
4359
4359
4360
4359
4360
4366
4368
4363
4364
4365
4363
4364
4370
4367
4372
4367
4368
4367
4368
4371
4372
4373
4371
4372
4375
4375
4376
4375
4376
4382
4384
4379
4380
4381
4379
4380
4386
4383
4388
4383
4384
4383
4384
4387
4388
4389
4387
4388
4391
4391
4392
4391
4392
4398
4400
4395
4396
4397
4395
4396
4402
4399
4404
4399
4400
4399
4400
4403
4404
5880
4403
4404
5882
4408
4409
4408
4410
4412
4409
4410
4411
4415
4411
4411
4416
4417
4415
4416
4415
4418
4420
4416
4418
4421
4417
4417
4418
4425
4422
4423
4426
4422
4425
4423
4425
4424
4429
4424
4430
4425
4431
4429
4430
4429
4432
4434
4430
4432
4435
4431
4431
4432
4439
4436
4437
4440
4436
4439
4437
4439
4438
4441
4438
4442
4439
4443
4441
4442
5839
4443
5884
4443
5885
5886
4445
4447
4472
4446
4449
4447
4450
4475
4449
4451
4496
4450
4451
4499
4453
4455
4492
4454
4457
4455
4458
4495
4457
4459
4504
4458
4459
4507
4461
4463
4500
4462
4465
4463
4466
4503
4465
4467
4509
4466
4467
4512
4469
4470
4471
4471
4473
4475
4474
4478
4475
4479
4477
4478
4479
4479
4481
4482
4483
4485
4483
4486
4485
4487
4488
4486
4487
4491
4489
4491
4490
5888
4491
5889
4493
4495
4494
4497
4495
4498
4497
4499
4498
4499
4501
4503
4502
4505
4503
4506
4505
4507
4506
4507
4510
5827
5891
5892
4510
4512
4511
4512
5892
4515
4515
4518
4518
4520
4521
5868
4521
5870
4523
4526
4534
5332
5334
4527
4535
4655
4708
4902
4903
4906
4993
4994
4995
4712
5331
5335
5336
5338
5529
5532
5534
4527
4530
4538
5335
5337
5339
5341
4531
4539
4659
4713
4909
4910
4913
4999
5000
5001
4719
5336
5342
5343
5345
5543
5546
5548
4531
4542
5342
5344
5346
5348
4543
4533
4536
4544
4710
4711
4534
4537
4545
5333
5334
4535
4538
4726
4727
4539
4916
4917
4537
4540
4546
4715
4716
4717
4718
4538
4541
4547
5338
5339
5340
5341
4539
4542
4548
4730
4731
4732
4543
4549
4920
4921
4922
4541
4550
4722
4723
4724
4725
4542
4551
5345
5346
5347
5348
4543
4552
4737
4738
4739
4553
4927
4928
4929
4545
4546
4554
4547
4726
4728
5349
5350
4547
4550
4555
4548
4551
4556
4731
4733
4735
4726
4730
4731
4733
4730
4916
4920
4921
4923
4551
4559
4552
4560
4738
4740
4742
4731
4737
4738
4740
4737
4921
4927
4928
4930
4555
4563
5349
5351
4556
4559
4565
4557
4560
4566
4667
4669
4670
5349
5350
5351
5352
4663
4667
4669
4733
4800
4801
4804
4805
4666
4744
4923
4934
4935
4938
4560
4568
4561
4569
4672
4674
4675
4667
4672
4674
4740
4814
4815
4818
4819
4671
4747
4930
4941
4942
4945
4564
4565
4571
4566
4572
4752
4753
5351
5352
4566
4568
4573
4567
4569
4574
4948
4949
4951
4669
4752
4948
4949
5768
5769
5770
5771
4569
4576
4570
4577
4755
4756
4757
5357
5358
5359
4674
4755
4756
4948
5562
5563
5564
5565
4572
4573
4579
4574
4758
4760
5364
5365
4574
4576
4580
4575
4577
4581
4762
4763
4764
5357
5360
5361
4758
4761
4762
4763
4949
4577
4583
5358
5360
5362
5357
5358
5360
4677
4756
4762
5025
5026
5027
5028
5357
5453
5454
5457
5458
4580
4586
5364
5366
4581
4583
4588
4582
4584
4589
4685
4686
4688
5364
5365
5366
5367
5368
5371
5372
4680
4685
4686
4763
4845
4846
4848
4849
4584
4592
5369
5371
5373
5360
5368
5369
5371
4677
4685
4692
4857
4858
4860
4861
5368
5469
5470
5473
5474
4587
4588
4596
4589
4597
4961
4963
5366
5367
4589
4592
4600
4590
4593
4601
4970
4972
4974
4686
4961
4969
4970
4972
4595
4603
4766
4767
4768
4769
4965
4966
4967
4968
4969
4971
4973
4975
4983
4986
4987
4593
4604
4594
4605
4977
4979
4981
5371
5372
5373
5374
4692
4970
4976
4977
4979
4697
4976
4983
4984
4986
4597
4600
4608
4598
4601
4609
4599
4602
4610
4963
4964
4603
4611
4967
4968
4601
4604
4612
4602
4605
4613
4603
4606
4614
4972
4973
4974
4975
4607
4615
4605
4616
4606
4617
4607
4618
4979
4980
4981
4982
4619
4986
4987
4988
4989
4609
4612
4620
4610
4613
4621
4611
4614
4622
4615
4623
4613
4616
4624
4614
4617
4625
4615
4618
4626
4619
4627
4617
4628
4618
4629
4619
4630
4631
4621
4624
5375
5376
4622
4625
4632
4623
4626
4633
4627
4634
4625
4628
4635
5379
5380
5381
4626
4629
4636
4627
4630
4637
4631
4638
4629
4639
5386
5387
5388
4630
4640
4631
4641
4642
4633
4636
5376
5378
5393
5394
4634
4637
4643
4638
4644
5375
5379
5380
5382
4637
4640
4646
5379
5381
5383
5385
5404
5405
5406
4638
4641
4647
4642
4648
5380
5386
5387
5389
4641
4650
5386
5388
5390
5392
5418
5419
5420
4642
4651
4652
4644
4647
5394
5396
4648
4700
5382
5398
5399
5400
4702
5393
5404
5405
5407
4648
4651
5404
5406
5408
5410
4652
4703
5389
5412
5413
5414
4705
5405
5418
5419
5421
4652
5418
5420
5422
5424
4655
4708
4990
4991
4656
4709
5427
5428
4993
4994
4712
5430
5431
4659
4713
4996
4997
4660
4714
5433
5434
4999
5000
4719
5436
5437
4720
5002
5003
4721
5439
5440
4728
4787
4789
4791
4793
5350
5446
5447
5450
5451
4666
4729
4744
4788
4789
5157
5158
5161
5163
4669
4752
5352
5447
5448
5449
4734
4801
4802
5171
5172
5175
5176
4670
4735
4807
4809
4811
4813
4671
4736
4747
4808
4809
5185
5186
5189
5191
4670
5009
5010
5011
5012
5447
5449
5451
4674
4948
5013
5014
5015
5016
4741
4815
4816
5199
5200
5203
5204
4675
4742
4821
4823
4825
4827
4743
4750
4822
4823
5213
5214
5217
5219
4675
5017
5018
5019
5020
4755
5021
5022
5023
5024
4757
5359
5454
5455
5456
4764
5029
5030
5031
5032
5361
5460
5462
5464
5465
4690
5363
5461
5462
5463
4691
4765
4834
4835
5232
5233
5234
5235
4681
4760
4839
4840
4842
4844
5365
4686
4961
5033
5036
5038
5039
5367
4683
4687
4962
5034
5035
5036
4684
4766
4965
5034
5035
5037
5040
5041
5042
5043
4767
4966
5467
5468
5809
5810
4688
4764
4851
4852
4854
4856
4688
5044
5046
5048
5050
4766
4969
5045
5046
5047
4692
4970
5051
5054
5056
5057
4693
4768
4971
5052
5053
5054
5370
5470
5471
5472
4696
4864
4865
5299
5300
5301
5302
4694
5058
5060
5062
5064
5372
4697
4976
5059
5060
5061
4977
5065
5068
5070
5071
5374
5469
5472
5474
5475
4699
4978
5066
5067
5068
4765
4870
4871
5683
5684
5685
5686
4698
4768
4957
4958
4959
4960
5059
5061
5063
5074
5076
5078
5079
4769
4983
5072
5073
5081
5083
5797
5798
5800
5801
4984
5075
5076
5077
5377
5477
5478
5479
4702
5378
5393
5476
5478
5480
5482
5483
5484
5485
5486
4704
5383
5397
5398
5401
5402
5494
5495
5496
5497
5384
5488
5489
5490
4705
5385
5405
5487
5489
5491
5493
5498
5499
5500
5501
4707
5390
5411
5412
5415
5416
5509
5510
5511
5512
5391
5503
5504
5505
5392
5419
5502
5504
5506
5508
5513
5514
5515
5516
4990
4991
4992
5085
5086
5089
4712
5331
5521
5522
5525
4711
4715
5088
5089
5090
5091
4716
5333
5524
5525
5526
5527
5528
5529
5532
4996
4997
4998
5092
5093
5096
4719
5336
5535
5536
5539
4716
4717
4905
4906
4907
4908
4718
5338
5531
5532
5533
5534
4718
4722
5095
5096
5097
5098
4723
5340
5538
5539
5540
5541
5542
5543
5546
5002
5003
5004
5099
5100
5103
5343
5549
5550
5553
4723
4724
4912
4913
4914
4915
4725
5345
5545
5546
5547
5548
4725
5102
5103
5104
5105
5347
5552
5553
5554
5555
4727
4728
4729
4730
4916
4729
4733
4734
4788
4789
4791
4918
4732
4734
4732
4735
4736
4737
4921
4734
4735
4736
4801
4802
4804
4923
4736
4740
4741
4808
4809
4811
4925
4739
4741
4739
4742
4743
4928
4741
4742
4743
4815
4816
4818
4930
4743
4822
4823
4825
4932
4918
5106
5107
5110
4746
4919
5109
5110
5111
5112
4748
4924
4937
4938
4939
4940
4925
5113
5114
5117
4749
4926
5116
5117
5118
5119
4751
4931
4944
4945
4946
4947
4932
5120
5121
5124
4933
5123
5124
5125
5126
4753
5448
5449
5452
5558
5559
5560
5561
4754
4758
4949
4759
4950
5560
5561
4757
5566
5567
5568
5569
4757
4951
5570
5571
5572
5573
5127
5128
5129
5130
5454
5455
5457
4759
4760
4761
5574
5575
5578
5579
4763
5576
5577
5578
5579
4950
5582
5583
5586
5587
4764
4951
5580
5581
5582
5583
4764
5584
5585
5586
5587
5588
5589
5590
5591
5133
5134
5784
5785
5786
5787
4767
4768
4953
4954
4955
4956
5045
5047
5049
4769
5596
5597
5814
5815
4769
5052
5053
5055
5137
5138
5139
5140
5598
5599
5816
5817
4772
4898
5141
4774
4899
5426
5600
5085
5142
5143
4775
5086
5428
5601
5602
5087
5429
5604
5605
4902
5430
5607
5608
4778
4903
5145
5146
4780
4904
5432
5610
5611
5092
5148
5149
4781
5093
5434
5613
5614
5094
5435
5616
5617
4909
5436
5619
5620
4784
4910
5151
5152
4786
4911
5438
5622
5623
5099
5154
5155
5100
5440
5625
5626
5101
5441
5628
5629
4791
4793
4796
5005
5164
5165
5169
5170
5635
5636
5638
4791
5006
5106
5164
5166
5168
5169
4791
4793
4801
4803
5107
5158
5159
5160
5007
5008
5108
5165
5166
5167
4798
4805
5157
5160
5162
5163
4796
5005
5442
5631
5632
4799
5445
5556
5632
5633
5446
5635
5636
5637
4798
4799
5010
5449
5558
5011
5451
5634
5636
5638
5640
5452
5559
5634
5637
5639
5640
4804
4805
4807
5009
5178
5179
5183
5184
4804
4805
4804
4808
4934
5178
5180
5182
5183
4935
5172
5173
5174
4811
5011
5171
5173
5176
5177
4812
4936
5179
5180
5181
4811
4813
5013
5192
5193
5197
5198
4811
5113
5192
5194
5196
5197
4811
4813
4815
4817
5114
5186
5187
5188
5115
5193
5194
5195
4819
5015
5185
5188
5190
5191
4818
4819
4821
5017
5206
5207
5211
5212
4818
4819
4818
4822
4941
5206
5208
5210
5211
4942
5200
5201
5202
4825
5019
5199
5201
5204
5205
4826
4943
5207
5208
5209
4825
4827
5021
5220
5221
5225
5226
4825
5120
5220
5222
5224
5225
4825
4827
5121
5214
5215
5216
5122
5221
5222
5223
5024
5213
5216
5218
5219
4833
5025
5453
5642
5643
5644
5127
5455
5649
5650
5651
4834
5131
5227
5228
5229
5027
5128
5457
5641
5642
5645
5646
5648
5650
5652
5653
4837
5459
5656
5657
5658
5029
5460
5663
5664
5665
4837
5133
5228
5229
5230
5236
5237
5238
5239
4837
4864
5463
5669
5672
5674
5675
4866
5032
5465
5670
5671
5672
5466
5656
5658
5660
5662
5665
5666
5668
4843
5240
5241
4842
4844
5033
5250
5251
5254
5255
4842
4844
4846
5576
4847
5034
5041
5244
5245
5246
5577
5037
5042
5251
5252
5253
4849
5038
5243
5246
5247
5249
4848
4849
4851
5044
5264
5265
5269
5270
4848
4849
5584
4953
5045
5258
5259
5260
4854
5585
5048
5257
5259
5262
5263
4855
4955
5049
5265
5266
5267
4854
4856
5051
5278
5279
5283
5284
4854
4856
4858
5588
4859
5052
5137
5272
5273
5274
5590
5055
5138
5279
5280
5281
4861
5056
5271
5274
5276
5277
4860
4861
4863
5058
5292
5293
5297
5298
4860
4861
5030
4958
5059
5286
5287
5288
4866
5032
5677
5678
5681
5062
5285
5287
5290
5291
4867
4960
5063
5293
5294
5295
4868
5065
5303
5304
5307
5308
5469
5676
5677
5681
5682
4868
5471
5676
5679
5680
5682
4868
4871
5066
5303
5306
5308
5309
5473
5677
5678
5679
4872
5069
5304
5305
5306
5071
5475
4874
4957
5074
5311
5312
5313
4873
4875
5134
5687
5688
5689
5690
4873
5075
5317
5320
5322
5323
4960
5078
5318
5319
5320
4876
5080
5310
5313
5315
5316
5072
5081
5325
5326
5327
4876
5593
5691
5692
5693
5694
5792
5084
5324
5327
5329
5330
5795
4880
5695
5696
4881
5476
5483
5705
5706
5710
5711
4883
5479
5699
5700
5701
5481
5706
5707
5708
4884
5482
5486
5698
5701
5703
5704
4884
4886
5397
5494
5719
5720
5724
5725
5400
5713
5714
5715
5402
5496
5712
5714
5717
5718
4888
5403
5720
5721
5722
4889
5487
5498
5733
5734
5738
5739
4891
5490
5727
5728
5729
5492
5734
5735
5736
4892
5493
5501
5726
5729
5731
5732
4892
4894
5411
5509
5747
5748
5752
5753
5414
5741
5742
5743
5416
5511
5740
5742
5745
5746
4896
5417
5748
5749
5750
4897
5502
5513
5761
5762
5766
5767
5505
5755
5756
5757
5507
5762
5763
5764
5508
5516
5754
5757
5759
5760
4899
4901
5085
5141
4900
5087
5518
5600
4901
5088
5519
5090
4904
4907
5086
5528
5607
5608
5609
4904
4908
5092
5145
5146
5147
4905
5094
5530
5610
5611
5612
4907
4908
5095
5531
4907
4908
5089
5091
5533
5097
4911
4914
5093
5542
5619
5620
5621
4911
4915
5099
5151
5152
5153
4912
5101
5544
5622
5623
5624
4914
4915
5102
5545
4914
4915
5096
5098
5547
5104
4917
4918
4919
4920
4919
4923
5106
5110
5111
4924
4922
4924
4922
4925
4926
4927
4924
4925
4934
4938
4939
4926
4926
4930
5113
5117
5118
4931
4929
4931
4929
4932
4933
4931
4932
4941
4945
4946
4933
4933
5120
5124
5125
4936
4939
5113
4936
4940
5107
5172
5174
5175
4937
5115
5180
5181
5182
4939
4940
5116
4939
4940
5110
5118
5112
4943
4946
5120
4943
4947
5114
5200
5202
5203
4944
5122
5208
5209
5210
4946
4947
5123
4946
4947
5117
5125
5119
4951
5772
5773
5774
5775
4950
4951
4952
5770
5771
4952
5570
5573
5580
5583
5774
5775
4954
4955
5041
5258
5260
5261
4956
5043
5596
4956
5138
5266
5267
5268
5140
5597
4959
4960
5072
5311
5312
5314
4959
4960
5137
5286
5288
5289
5073
5139
5294
5295
5296
5318
5319
5321
4962
4963
4964
4965
4969
5035
5036
5039
4964
4972
4967
4973
4966
4967
4968
4968
4971
4973
5046
5047
5050
4971
4974
4975
4976
5053
5054
5057
4973
4974
4975
4975
4979
4980
4978
4980
5060
5061
5064
4978
4981
4982
4984
5067
5068
5070
4980
4981
4982
4986
4982
4988
4985
4987
4985
4988
5076
5077
5079
4989
5082
5083
5793
5800
4987
4988
4989
4989
4992
5142
4992
4993
5601
5144
5603
4995
5607
4995
5145
5147
5609
4998
5148
4998
4999
5613
5150
5615
5001
5619
5001
5151
5153
5621
5004
5154
5004
5625
5156
5627
5007
5631
5776
5778
5007
5353
5777
5778
5354
5776
5777
5011
5012
5013
5011
5012
5768
5016
5769
5015
5016
5015
5016
5018
5772
5019
5773
5019
5020
5021
5019
5020
5562
5023
5563
5023
5024
5023
5024
5566
5567
5027
5028
5029
5642
5643
5645
5027
5028
5570
5580
5571
5031
5581
5031
5032
5663
5664
5667
5031
5032
5588
5589
5670
5671
5673
5037
5038
5039
5037
5038
5045
5245
5246
5247
5037
5039
5038
5039
5046
5251
5253
5255
5048
5042
5043
5467
5042
5043
5244
5245
5248
5252
5253
5256
5468
5048
5049
5050
5051
5048
5049
5259
5260
5263
5048
5050
5049
5050
5053
5055
5265
5267
5270
5057
5055
5056
5057
5055
5056
5059
5273
5274
5276
5055
5057
5056
5057
5060
5279
5281
5284
5062
5062
5063
5064
5065
5062
5063
5287
5288
5291
5062
5064
5063
5064
5067
5069
5293
5295
5298
5070
5069
5070
5071
5069
5071
5075
5069
5070
5076
5070
5071
5078
5304
5306
5308
5073
5325
5326
5328
5798
5598
5797
5078
5079
5080
5081
5312
5313
5316
5078
5080
5078
5079
5079
5080
5082
5318
5320
5323
5083
5084
5083
5084
5326
5327
5330
5801
5083
5084
5793
5800
5799
5087
5090
5142
5143
5144
5087
5091
5522
5601
5602
5603
5088
5523
5604
5605
5606
5090
5091
5524
5090
5091
5527
5094
5097
5148
5149
5150
5094
5098
5536
5613
5614
5615
5095
5537
5616
5617
5618
5097
5098
5538
5097
5098
5541
5101
5104
5154
5155
5156
5101
5105
5550
5625
5626
5627
5102
5551
5628
5629
5630
5104
5105
5552
5104
5105
5555
5108
5111
5353
5108
5112
5158
5159
5161
5109
5166
5167
5168
5354
5111
5112
5355
5111
5112
5356
5115
5118
5115
5119
5186
5187
5189
5116
5194
5195
5196
5118
5119
5118
5119
5122
5125
5122
5126
5214
5215
5217
5123
5222
5223
5224
5125
5126
5125
5126
5128
5129
5649
5650
5652
5130
5571
5130
5568
5569
5572
5133
5779
5780
5781
5136
5592
5781
5782
5783
5136
5780
5781
5782
5788
5789
5790
5791
5135
5136
5593
5594
5688
5689
5786
5787
5595
5138
5139
5272
5273
5275
5140
5280
5281
5282
5140
5598
5599
5143
5600
5144
5144
5604
5606
5147
5147
5149
5611
5612
5150
5150
5616
5618
5153
5153
5155
5623
5624
5156
5156
5628
5630
5161
5162
5163
5164
5161
5163
5172
5161
5162
5167
5162
5163
5173
5168
5170
5176
5168
5169
5170
5169
5170
5776
5168
5169
5777
5168
5170
5778
5175
5176
5177
5178
5175
5176
5176
5177
5175
5177
5181
5182
5184
5182
5183
5184
5183
5184
5193
5182
5183
5194
5182
5184
5197
5189
5190
5191
5192
5189
5191
5200
5189
5190
5195
5190
5191
5201
5196
5198
5204
5196
5197
5198
5197
5198
5196
5197
5196
5198
5203
5204
5205
5206
5203
5204
5204
5205
5203
5205
5209
5210
5212
5210
5211
5212
5211
5212
5221
5210
5211
5222
5210
5212
5225
5217
5218
5219
5220
5217
5219
5217
5218
5223
5218
5219
5224
5226
5224
5225
5226
5225
5226
5224
5225
5224
5226
5231
5779
5230
5780
5230
5231
5658
5660
5661
5234
5235
5236
5669
5234
5235
5300
5784
5238
5785
5301
5675
5238
5239
5662
5238
5239
5788
5789
5666
5242
5251
5242
5252
5254
5247
5248
5249
5250
5248
5249
5258
5247
5248
5253
5247
5249
5259
5255
5256
5262
5254
5255
5256
5254
5255
5254
5256
5255
5256
5261
5262
5263
5264
5261
5262
5262
5263
5261
5263
5267
5268
5270
5268
5269
5270
5269
5270
5279
5268
5269
5280
5268
5270
5283
5275
5276
5277
5278
5275
5277
5286
5275
5276
5281
5276
5277
5287
5282
5284
5290
5282
5283
5284
5283
5284
5282
5283
5282
5284
5289
5290
5291
5292
5289
5290
5290
5291
5289
5291
5295
5296
5298
5296
5297
5298
5297
5298
5304
5296
5297
5305
5296
5298
5307
5301
5302
5303
5676
5301
5302
5684
5680
5309
5686
5307
5308
5309
5307
5308
5307
5309
5319
5308
5309
5320
5322
5314
5315
5316
5317
5687
5314
5315
5325
5314
5316
5318
5315
5316
5327
5321
5329
5690
5323
5321
5322
5323
5683
5321
5323
5321
5322
5322
5323
5686
5328
5329
5330
5691
5802
5328
5329
5328
5330
5803
5329
5330
5806
5694
5807
5332
5333
5521
5525
5526
5334
5335
5334
5338
5339
5337
5339
5337
5340
5535
5539
5540
5341
5342
5339
5340
5341
5341
5345
5346
5344
5346
5344
5347
5549
5553
5554
5348
5346
5347
5348
5348
5350
5351
5352
5352
5447
5448
5450
5354
5356
5355
5777
5356
5359
5361
5359
5362
5363
5454
5456
5458
5361
5362
5363
5368
5363
5369
5370
5461
5462
5464
5365
5366
5367
5367
5370
5372
5370
5373
5374
5470
5472
5474
5372
5373
5374
5374
5376
5377
5378
5379
5378
5382
5477
5478
5480
5383
5381
5383
5381
5384
5385
5386
5383
5384
5398
5399
5401
5385
5385
5389
5488
5489
5491
5390
5388
5390
5388
5391
5392
5390
5391
5412
5413
5415
5392
5392
5503
5504
5506
5394
5395
5396
5404
5396
5407
5484
5485
5408
5401
5402
5403
5487
5401
5402
5478
5401
5403
5488
5402
5403
5479
5714
5715
5717
5491
5482
5492
5720
5721
5724
5406
5408
5406
5409
5410
5418
5408
5409
5495
5497
5410
5410
5421
5499
5500
5422
5415
5416
5417
5502
5415
5416
5489
5415
5417
5503
5416
5417
5490
5742
5743
5745
5506
5493
5507
5748
5749
5752
5420
5422
5420
5423
5424
5422
5423
5510
5512
5424
5424
5514
5515
5426
5427
5517
5429
5518
5429
5521
5429
5430
5522
5602
5523
5605
5432
5528
5608
5432
5433
5529
5435
5530
5610
5435
5535
5435
5436
5536
5614
5537
5617
5438
5542
5620
5438
5439
5543
5441
5544
5622
5441
5549
5441
5550
5626
5551
5629
5444
5445
5446
5632
5444
5445
5448
5450
5452
5450
5451
5452
5636
5637
5640
5450
5451
5450
5452
5451
5452
5457
5458
5459
5460
5642
5644
5646
5457
5458
5457
5459
5650
5651
5653
5458
5459
5461
5464
5466
5656
5657
5659
5464
5465
5466
5664
5665
5668
5464
5466
5464
5465
5470
5465
5466
5471
5473
5670
5672
5674
5468
5810
5596
5809
5473
5474
5475
5473
5474
5473
5475
5474
5475
5677
5679
5682
5480
5481
5482
5480
5481
5480
5482
5481
5482
5700
5701
5703
5706
5707
5710
5485
5486
5485
5486
5495
5496
5491
5492
5493
5491
5492
5491
5493
5492
5493
5728
5729
5731
5734
5735
5738
5496
5497
5498
5496
5497
5500
5500
5501
5500
5501
5510
5511
5506
5507
5508
5506
5507
5506
5508
5507
5508
5756
5757
5759
5762
5763
5766
5511
5512
5513
5511
5512
5515
5515
5516
5515
5516
5518
5520
5521
5519
5523
5520
5524
5526
5523
5526
5523
5527
5528
5524
5526
5527
5526
5527
5532
5533
5530
5533
5530
5534
5535
5531
5537
5533
5534
5538
5533
5534
5540
5537
5540
5537
5541
5542
5538
5540
5541
5540
5541
5546
5547
5544
5547
5544
5548
5549
5545
5551
5547
5548
5552
5547
5548
5554
5551
5554
5551
5555
5552
5554
5555
5554
5555
5557
5559
5560
5559
5561
5768
5560
5561
5770
5563
5565
5772
5564
5567
5565
5569
5572
5573
5774
5567
5568
5569
5569
5571
5573
5572
5573
5575
5577
5579
5584
5578
5579
5587
5581
5583
5582
5589
5583
5591
5585
5587
5586
5590
5587
5591
5589
5590
5591
5591
5595
5811
5594
5595
5794
5692
5693
5812
5813
5597
5814
5599
5815
5599
5816
5817
5604
5603
5607
5603
5605
5606
5606
5606
5609
5609
5610
5612
5612
5612
5616
5615
5619
5615
5617
5618
5618
5618
5621
5621
5622
5624
5624
5624
5628
5627
5627
5629
5630
5630
5630
5633
5635
5633
5637
5639
5638
5639
5640
5638
5639
5638
5640
5639
5640
5645
5646
5647
5655
5645
5646
5645
5647
5663
5646
5647
5656
5665
5659
5660
5666
5652
5653
5654
5655
5652
5654
5652
5653
5653
5654
5657
5659
5661
5659
5660
5661
5659
5660
5659
5661
5660
5661
5666
5667
5668
5669
5666
5667
5667
5668
5670
5666
5668
5673
5674
5673
5674
5675
5673
5674
5673
5675
5678
5674
5675
5679
5680
5680
5681
5682
5681
5682
5680
5681
5680
5682
5685
5686
5687
5685
5686
5784
5689
5786
5689
5690
5689
5690
5692
5694
5693
5694
5818
5693
5694
5820
5697
5706
5697
5708
5711
5702
5703
5704
5705
5702
5704
5713
5702
5703
5707
5703
5704
5714
5709
5710
5718
5709
5710
5711
5710
5711
5709
5710
5709
5711
5716
5717
5718
5719
5716
5718
5717
5718
5716
5717
5721
5723
5724
5723
5724
5725
5724
5725
5734
5723
5724
5723
5725
5736
5739
5730
5731
5732
5733
5730
5732
5741
5730
5731
5735
5731
5732
5742
5737
5738
5746
5737
5738
5739
5738
5739
5737
5738
5737
5739
5744
5745
5746
5747
5744
5746
5745
5746
5744
5745
5749
5751
5752
5751
5752
5753
5752
5753
5762
5751
5752
5751
5753
5764
5767
5758
5759
5760
5761
5758
5760
5758
5759
5763
5759
5760
5765
5766
5765
5766
5767
5766
5767
5765
5766
5765
5767
5769
5770
5771
5773
5771
5775
5773
5774
5775
5775
5778
5778
5783
5782
5782
5783
5785
5786
5787
5789
5787
5790
5789
5791
5790
5791
5794
5795
5818
5819
5820
5821
5799
5800
5812
5813
5799
5802
5805
5807
5808
5798
5801
5803
5804
5805
5798
5816
5803
5804
5806
5801
5801
5803
5805
5807
5806
5807
5808
5818
5806
5807
5806
5808
5807
5808
5821
5810
5814
5813
5819
5820
5815
5817
5817
5820
5821
5820
5821
5826
5827
5862
5829
5833
5855
5856
5859
5861
5830
5832
5843
5844
5865
5839
5866
5839
5847
5862
5891
5892
5893
5867
5848
5849
5831
5868
5869
5832
5868
5869
5870
5871
5872
5843
5844
5845
5851
5852
5835
5848
5856
5857
5858
5841
5855
5858
5860
5861
5837
5842
5844
5845
5846
5851
5864
5876
5877
5878
5879
5865
5874
5880
5881
5882
5883
5884
5885
5841
5863
5887
5888
5889
5890
5845
5846
5876
5845
5868
5845
5846
5879
5867
5885
5850
5856
5857
5859
5850
5853
5853
5872
5862
5891
5859
5860
5861
5859
5861
5859
5860
5860
5861
5887
5888
5864
5884
5870
5870
5873
5873
5875
5878
5879
5878
5879
5882
5883
5882
5883
5886
5886
5888
5890
5889
5890
5893
5893
)


// ************************************************************************* //
