/*--------------------------------*- C++ -*----------------------------------*\
| =========                 |                                                 |
| \\      /  F ield         | OpenFOAM: The Open Source CFD Toolbox           |
|  \\    /   O peration     | Version:  3.0.1                                 |
|   \\  /    A nd           | Web:      www.OpenFOAM.org                      |
|    \\/     M anipulation  |                                                 |
\*---------------------------------------------------------------------------*/
FoamFile
{
    version     2.0;
    format      ascii;
    class       labelList;
    note        "nPoints:10360  nCells:5908  nFaces:21690  nInternalFaces:17359";
    location    "constant/polyMesh";
    object      neighbour;
}
// * * * * * * * * * * * * * * * * * * * * * * * * * * * * * * * * * * * * * //


17359
(
816
878
1642
1643
1644
1922
1923
1924
1023
1034
1625
2861
2862
2864
4217
4218
4222
4278
4279
4283
5559
5560
5561
1027
1627
2861
2868
2869
2871
4239
4242
4244
5565
5566
5567
1031
1629
2868
2875
2876
2878
4261
4264
4266
5571
5572
5573
820
1035
1649
1650
1653
1928
1929
1930
1041
2862
2882
2883
2885
4292
4295
4297
7
10
67
2869
2870
2873
2874
2882
2884
2886
2888
11
68
2876
2877
2880
2881
824
1042
1656
1657
1660
1934
1935
1936
1048
2883
2889
2890
2892
4306
4309
4311
11
14
71
2889
2891
2893
2895
15
72
828
1049
1663
1664
1667
1940
1941
1942
1055
2890
2896
2897
2899
4320
4323
4325
15
18
75
2896
2898
2900
2902
19
76
832
1056
1670
1671
1674
1946
1947
1948
1062
2897
2903
2904
2906
4334
4337
4339
19
22
79
2903
2905
2907
2909
23
80
836
1063
1677
1678
1681
1952
1953
1954
1069
2904
2910
2911
2913
4348
4351
4353
23
26
83
2910
2912
2914
2916
27
84
840
1070
1684
1685
1688
1958
1959
1960
1076
2911
2917
2918
2920
4362
4365
4367
27
30
87
2917
2919
2921
2923
31
88
844
1077
1691
1692
1695
1964
1965
1966
1083
2918
2924
2925
2927
4376
4379
4381
31
34
91
2924
2926
2928
2930
35
92
848
1084
1698
1699
1702
1970
1971
1972
1090
2925
2931
2932
2934
4390
4393
4395
35
38
95
2931
2933
2935
2937
39
96
852
1091
1705
1706
1709
1976
1977
1978
1097
2932
2938
2939
2941
4404
4407
4409
39
42
99
2938
2940
2942
2944
43
100
856
1098
1712
1713
1716
1982
1983
1984
1104
2939
2945
2946
2948
4418
4421
4423
43
46
103
2945
2947
2949
2951
47
104
860
1105
1719
1720
1723
1988
1989
1990
1111
2946
2952
2953
2955
4432
4435
4437
47
50
107
2952
2954
2956
2958
51
108
864
1112
1726
1727
1730
1994
1995
1996
1118
2953
2959
2960
2962
4446
4449
4451
51
54
111
2959
2961
2963
2965
55
112
868
1119
1733
1734
1737
2000
2001
2002
1125
2960
2966
2967
2969
4460
4463
4465
55
58
115
2966
2968
2970
2972
59
116
872
1126
1740
1741
1744
2006
2007
2008
1132
2967
2973
2974
2976
4474
4477
4479
59
119
2973
2975
2977
2979
120
876
1133
1747
1748
2012
2013
2014
882
1037
1750
1751
1753
2035
2036
2039
63
66
124
1750
1752
1754
1756
2864
2865
2866
2867
2980
2981
2982
2983
64
67
125
2871
2872
2873
2874
2984
2985
2986
2987
68
126
2878
2879
2880
2881
2988
2989
2990
2991
66
69
127
1044
1045
1046
1047
1751
1752
1755
1756
67
70
128
2885
2886
2887
2888
68
71
129
72
130
70
73
131
1051
1052
1053
1054
71
74
132
2892
2893
2894
2895
72
75
133
76
134
74
77
135
1058
1059
1060
1061
75
78
136
2899
2900
2901
2902
76
79
137
80
138
78
81
139
1065
1066
1067
1068
79
82
140
2906
2907
2908
2909
80
83
141
84
142
82
85
143
1072
1073
1074
1075
83
86
144
2913
2914
2915
2916
84
87
145
88
146
86
89
147
1079
1080
1081
1082
87
90
148
2920
2921
2922
2923
88
91
149
92
150
90
93
151
1086
1087
1088
1089
91
94
152
2927
2928
2929
2930
92
95
153
96
154
94
97
155
1093
1094
1095
1096
95
98
156
2934
2935
2936
2937
96
99
157
100
158
98
101
159
1100
1101
1102
1103
99
102
160
2941
2942
2943
2944
100
103
161
104
162
102
105
163
1107
1108
1109
1110
103
106
164
2948
2949
2950
2951
104
107
165
108
166
106
109
167
1114
1115
1116
1117
107
110
168
2955
2956
2957
2958
108
111
169
112
170
110
113
171
1121
1122
1123
1124
111
114
172
2962
2963
2964
2965
112
115
173
116
174
114
117
175
1128
1129
1130
1131
115
118
176
2969
2970
2971
2972
116
119
177
1764
1765
1766
120
178
1771
1772
1773
118
179
1135
1136
1137
1138
119
180
2976
2977
2978
2979
120
181
1778
1779
1780
182
2996
2997
2998
122
125
183
2986
2987
2993
2995
126
184
2990
2991
886
1753
1757
1758
1760
2049
2050
2053
125
128
186
1757
1759
1761
1763
2992
2993
2994
2995
126
129
187
130
188
128
131
189
1758
1759
1762
1763
129
132
190
130
133
191
134
192
132
135
193
133
136
194
134
137
195
138
196
136
139
197
137
140
198
138
141
199
142
200
140
143
201
141
144
202
142
145
203
146
204
144
147
205
145
148
206
146
149
207
150
208
148
151
209
149
152
210
150
153
211
154
212
152
155
213
153
156
214
154
157
215
158
216
156
159
217
157
160
218
158
161
219
162
220
160
163
221
161
164
222
162
165
223
166
224
164
167
225
165
168
226
166
169
227
170
228
168
171
229
169
172
230
170
173
231
174
232
172
175
233
173
176
234
174
177
235
1152
1153
1154
1764
1767
1768
178
236
1159
1160
1161
1771
1774
1775
176
179
237
177
180
238
1765
1767
1769
3007
3008
3009
1764
1765
1767
1764
1771
1772
1774
180
241
181
242
1779
1781
1783
3014
3015
3016
1765
1778
1779
1781
1772
1778
2996
2997
2999
184
187
248
3004
3006
188
249
890
1760
1785
1786
1788
2063
2064
2067
187
190
251
1785
1787
1789
1791
3003
3004
3005
3006
188
191
252
192
253
190
193
254
1786
1787
1790
1791
191
194
255
192
195
256
196
257
194
197
258
195
198
259
196
199
260
200
261
198
201
262
199
202
263
200
203
264
204
265
202
205
266
203
206
267
204
207
268
208
269
206
209
270
207
210
271
208
211
272
212
273
210
213
274
211
214
275
212
215
276
216
277
214
217
278
215
218
279
216
219
280
220
281
218
221
282
219
222
283
220
223
284
224
285
222
225
286
223
226
287
224
227
288
228
289
226
229
290
227
230
291
228
231
292
232
293
230
233
294
231
234
295
232
235
296
1152
1155
1156
236
297
1159
1162
1163
234
237
298
235
238
299
1153
1155
1157
3007
3010
3011
1152
1153
1155
1152
1159
1160
1162
238
241
302
3008
3010
3012
3007
3008
3010
895
1153
1767
2075
2076
2079
2080
3007
3650
3651
3654
3655
894
1160
1774
1793
1794
1795
242
306
3015
3017
3019
3008
3014
3015
3017
895
903
1781
2098
2099
2102
2103
3014
3678
3679
3682
3683
900
902
2999
3021
3022
3023
3015
3028
3029
903
2112
2114
3028
3692
3694
5848
907
1166
3031
3032
5858
249
252
310
3035
3037
253
311
909
1788
1799
1800
1802
2117
2118
2121
252
255
313
1799
1801
1803
1805
3034
3035
3036
3037
253
256
314
257
315
255
258
316
1800
1801
1804
1805
256
259
317
257
260
318
261
319
259
262
320
260
263
321
261
264
322
265
323
263
266
324
264
267
325
265
268
326
269
327
267
270
328
268
271
329
269
272
330
273
331
271
274
332
272
275
333
273
276
334
277
335
275
278
336
276
279
337
277
280
338
281
339
279
282
340
280
283
341
281
284
342
285
343
283
286
344
284
287
345
285
288
346
289
347
287
290
348
288
291
349
289
292
350
293
351
291
294
352
292
295
353
293
296
354
297
355
295
298
356
296
299
357
297
300
358
1172
1175
1176
301
359
1179
1181
1182
299
302
360
300
303
361
1173
1175
1177
3038
3041
3042
1155
1172
1173
1175
1162
1172
1179
1181
4524
4525
4526
4527
303
306
364
3039
3041
3043
3010
3038
3039
3041
897
1173
3038
3046
3047
3048
901
913
1180
3052
3053
307
368
308
369
1184
1185
1186
3017
3018
3019
3020
3039
3040
3043
3044
3073
3074
3075
905
914
1184
1185
3680
3681
3684
4532
4533
4534
4535
908
1184
1188
3693
4544
4545
311
314
372
3056
3058
315
373
919
1802
1809
1810
1812
2148
2149
2152
314
317
375
1809
1811
1813
1815
3055
3056
3057
3058
315
318
376
319
377
317
320
378
1810
1811
1814
1815
318
321
379
319
322
380
323
381
321
324
382
322
325
383
323
326
384
327
385
325
328
386
326
329
387
327
330
388
331
389
329
332
390
330
333
391
331
334
392
335
393
333
336
394
334
337
395
335
338
396
339
397
337
340
398
338
341
399
339
342
400
343
401
341
344
402
342
345
403
343
346
404
347
405
345
348
406
346
349
407
347
350
408
351
409
349
352
410
350
353
411
351
354
412
355
413
353
356
414
354
357
415
355
358
416
359
417
357
360
418
358
361
419
359
362
420
1194
1197
1198
363
421
1816
1819
1820
361
364
422
362
365
423
1195
1197
1199
3059
3062
3063
1175
1194
1195
1197
1181
1194
1816
1817
1819
365
368
426
3060
3062
3064
3041
3059
3060
3062
915
1195
3059
3067
3068
3069
918
923
1817
1823
1824
2142
2143
2145
5597
5599
5600
5601
369
430
3074
3076
3078
3060
3073
3074
3076
924
1185
3073
3081
3082
3083
929
1188
1206
4563
4564
373
376
436
3088
3090
377
437
933
1812
1829
1830
1832
2169
2170
2173
376
379
439
1829
1831
1833
1835
3087
3088
3089
3090
377
380
440
381
441
379
382
442
1830
1831
1834
1835
380
383
443
381
384
444
385
445
383
386
446
384
387
447
385
388
448
389
449
387
390
450
388
391
451
389
392
452
393
453
391
394
454
392
395
455
393
396
456
397
457
395
398
458
396
399
459
397
400
460
401
461
399
402
462
400
403
463
401
404
464
405
465
403
406
466
404
407
467
405
408
468
409
469
407
410
470
408
411
471
409
412
472
413
473
411
414
474
412
415
475
413
416
476
417
477
415
418
478
416
419
479
417
420
480
421
481
419
422
482
420
423
483
421
424
484
425
485
423
426
486
424
427
487
425
428
488
1197
1198
1199
1200
1836
1839
1840
429
489
1819
1820
1821
1822
3091
3094
3095
427
430
490
428
431
491
1837
1839
1841
3062
3063
3064
3065
3098
3101
3102
925
1836
1837
1839
1201
1836
3091
3092
3094
431
494
3099
3101
3103
3076
3098
3099
3101
930
939
1837
2181
2182
2185
2186
3098
3765
3766
3769
3799
3800
3803
3804
937
1205
3092
3105
3106
3109
3099
3112
3113
938
1206
3112
3115
3116
5882
437
440
500
3119
3121
441
501
946
1832
1843
1844
1846
2200
2201
2204
440
443
503
1843
1845
1847
1849
3118
3119
3120
3121
441
444
504
445
505
443
446
506
1844
1845
1848
1849
444
447
507
445
448
508
449
509
447
450
510
448
451
511
449
452
512
453
513
451
454
514
452
455
515
453
456
516
457
517
455
458
518
456
459
519
457
460
520
461
521
459
462
522
460
463
523
461
464
524
465
525
463
466
526
464
467
527
465
468
528
469
529
467
470
530
468
471
531
469
472
532
473
533
471
474
534
472
475
535
473
476
536
477
537
475
478
538
476
479
539
477
480
540
481
541
479
482
542
480
483
543
481
484
544
485
545
483
486
546
484
487
547
485
488
548
489
549
487
490
550
488
491
551
489
492
552
493
553
491
494
554
492
495
555
493
496
556
1839
1840
1841
1842
3122
3125
3126
497
557
3094
3095
3096
3097
495
558
496
559
3101
3102
3103
3104
3123
3125
3127
939
3122
3123
3125
499
561
1212
1213
1214
1215
1853
1854
1855
3122
3124
3126
3128
943
1850
1851
3123
945
1850
1853
1854
2194
5865
5867
501
504
562
3130
3132
505
563
950
1846
1856
1857
1859
2214
2215
2218
504
507
565
1856
1858
1860
1862
3129
3130
3131
3132
505
508
566
509
567
507
510
568
1857
1858
1861
1862
508
511
569
509
512
570
513
571
511
514
572
512
515
573
513
516
574
517
575
515
518
576
516
519
577
517
520
578
521
579
519
522
580
520
523
581
521
524
582
525
583
523
526
584
524
527
585
525
528
586
529
587
527
530
588
528
531
589
529
532
590
533
591
531
534
592
532
535
593
533
536
594
537
595
535
538
596
536
539
597
537
540
598
541
599
539
542
600
540
543
601
541
544
602
545
603
543
546
604
544
547
605
545
548
606
549
607
547
550
608
548
551
609
549
552
610
553
611
551
554
612
552
555
613
553
556
614
557
615
555
558
616
556
559
617
557
560
618
561
619
559
620
560
621
561
622
3125
3126
3127
3128
623
563
566
624
3134
3136
567
625
954
1859
1863
1864
1866
2228
2229
2232
566
569
627
1863
1865
1867
1869
3133
3134
3135
3136
567
570
628
571
629
569
572
630
1864
1865
1868
1869
570
573
631
571
574
632
575
633
573
576
634
574
577
635
575
578
636
579
637
577
580
638
578
581
639
579
582
640
583
641
581
584
642
582
585
643
583
586
644
587
645
585
588
646
586
589
647
587
590
648
591
649
589
592
650
590
593
651
591
594
652
595
653
593
596
654
594
597
655
595
598
656
599
657
597
600
658
598
601
659
599
602
660
603
661
601
604
662
602
605
663
603
606
664
607
665
605
608
666
606
609
667
607
610
668
611
669
609
612
670
610
613
671
611
614
672
615
673
613
616
674
614
617
675
615
618
676
619
677
617
620
678
618
621
679
619
622
680
623
681
621
682
622
683
623
684
685
625
628
3138
3140
3145
3146
629
3149
3150
958
1866
1870
1871
1873
2242
2243
2246
628
631
687
1870
1872
1874
1876
3137
3138
3139
3140
629
632
688
633
689
631
634
690
1871
1872
1875
1876
3153
3154
3155
632
635
691
633
636
692
637
693
635
638
694
3160
3161
3162
636
639
695
637
640
696
641
697
639
642
698
3167
3168
3169
640
643
699
641
644
700
645
701
643
646
702
3174
3175
3176
644
647
703
645
648
704
649
705
647
650
706
3181
3182
3183
648
651
707
649
652
708
653
709
651
654
710
3188
3189
3190
652
655
711
653
656
712
657
713
655
658
714
3195
3196
3197
656
659
715
657
660
716
661
717
659
662
718
3202
3203
3204
660
663
719
661
664
720
665
721
663
666
722
3209
3210
3211
664
667
723
665
668
724
669
725
667
670
726
3216
3217
3218
668
671
727
669
672
728
673
729
671
674
730
3223
3224
3225
672
675
731
673
676
732
677
733
675
678
734
3230
3231
3232
676
679
735
677
680
736
681
737
679
682
738
3237
3238
3239
680
683
739
681
684
740
685
741
683
742
3244
3245
3246
684
743
685
744
745
962
1873
1877
1878
1880
2256
2257
2260
688
691
748
1877
1879
1881
1883
1884
1885
1886
3141
3142
3143
3144
689
692
749
1889
1890
1891
3145
3146
3147
3148
693
750
1894
1895
1896
3149
3150
3151
3152
1878
3153
3154
3156
692
695
752
3153
3155
3157
3159
3280
3281
3282
693
696
753
697
754
3154
3160
3161
3163
696
699
756
3160
3162
3164
3166
3294
3295
3296
697
700
757
701
758
3161
3167
3168
3170
700
703
760
3167
3169
3171
3173
3308
3309
3310
701
704
761
705
762
3168
3174
3175
3177
704
707
764
3174
3176
3178
3180
3322
3323
3324
705
708
765
709
766
3175
3181
3182
3184
708
711
768
3181
3183
3185
3187
3336
3337
3338
709
712
769
713
770
3182
3188
3189
3191
712
715
772
3188
3190
3192
3194
3350
3351
3352
713
716
773
717
774
3189
3195
3196
3198
716
719
776
3195
3197
3199
3201
3364
3365
3366
717
720
777
721
778
3196
3202
3203
3205
720
723
780
3202
3204
3206
3208
3378
3379
3380
721
724
781
725
782
3203
3209
3210
3212
724
727
784
3209
3211
3213
3215
3392
3393
3394
725
728
785
729
786
3210
3216
3217
3219
728
731
788
3216
3218
3220
3222
3406
3407
3408
729
732
789
733
790
3217
3223
3224
3226
732
735
792
3223
3225
3227
3229
3420
3421
3422
733
736
793
737
794
3224
3230
3231
3233
736
739
796
3230
3232
3234
3236
3434
3435
3436
737
740
797
741
798
3231
3237
3238
3240
740
743
800
3237
3239
3241
3243
3448
3449
3450
741
744
801
745
802
3238
3244
3245
3247
744
804
3244
3246
3248
3250
3462
3463
3464
745
805
806
3245
3251
3252
966
1880
3267
3268
3269
968
973
1884
1885
3940
3941
3944
5603
5604
5605
5606
970
1884
1889
1890
3958
3959
3962
5611
5612
5613
5614
972
1889
1894
1895
3974
3975
3978
5619
5620
5621
5622
974
3156
3274
3275
3276
976
1885
3280
3281
3283
754
757
1890
1891
1892
1893
3280
3282
3284
3286
758
1895
1896
1897
1898
977
3163
3288
3289
3290
979
3281
3294
3295
3297
758
761
3294
3296
3298
3300
762
980
3170
3302
3303
3304
982
3295
3308
3309
3311
762
765
3308
3310
3312
3314
766
983
3177
3316
3317
3318
985
3309
3322
3323
3325
766
769
3322
3324
3326
3328
770
986
3184
3330
3331
3332
988
3323
3336
3337
3339
770
773
3336
3338
3340
3342
774
989
3191
3344
3345
3346
991
3337
3350
3351
3353
774
777
3350
3352
3354
3356
778
992
3198
3358
3359
3360
994
3351
3364
3365
3367
778
781
3364
3366
3368
3370
782
995
3205
3372
3373
3374
997
3365
3378
3379
3381
782
785
3378
3380
3382
3384
786
998
3212
3386
3387
3388
1000
3379
3392
3393
3395
786
789
3392
3394
3396
3398
790
1001
3219
3400
3401
3402
1003
3393
3406
3407
3409
790
793
3406
3408
3410
3412
794
1004
3226
3414
3415
3416
1006
3407
3420
3421
3423
794
797
3420
3422
3424
3426
798
1007
3233
3428
3429
3430
1009
3421
3434
3435
3437
798
801
3434
3436
3438
3440
802
1010
3240
3442
3443
3444
1012
3435
3448
3449
3451
802
805
3448
3450
3452
3454
806
1013
3247
3456
3457
3458
1015
3449
3462
3463
3465
806
3462
3464
3466
3468
1016
3252
3469
3470
5886
1018
3463
3472
3473
816
878
1899
1900
811
817
879
1903
5626
5627
1023
1625
1906
5632
5633
813
1024
1626
1909
5638
5639
1027
1627
1912
5644
5645
815
1028
1628
1915
5650
5651
1031
1629
1918
5656
5657
1922
1923
1034
1625
3475
3476
820
1035
1925
1926
821
1036
3478
3479
1928
1929
1041
3481
3482
824
1042
1931
1932
825
1043
3484
3485
1934
1935
1048
3487
3488
828
1049
1937
1938
829
1050
3490
3491
1940
1941
1055
3493
3494
832
1056
1943
1944
833
1057
3496
3497
1946
1947
1062
3499
3500
836
1063
1949
1950
837
1064
3502
3503
1952
1953
1069
3505
3506
840
1070
1955
1956
841
1071
3508
3509
1958
1959
1076
3511
3512
844
1077
1961
1962
845
1078
3514
3515
1964
1965
1083
3517
3518
848
1084
1967
1968
849
1085
3520
3521
1970
1971
1090
3523
3524
852
1091
1973
1974
853
1092
3526
3527
1976
1977
1097
3529
3530
856
1098
1979
1980
857
1099
3532
3533
1982
1983
1104
3535
3536
860
1105
1985
1986
861
1106
3538
3539
1988
1989
1111
3541
3542
864
1112
1991
1992
865
1113
3544
3545
1994
1995
1118
3547
3548
868
1119
1997
1998
869
1120
3550
3551
2000
2001
1125
3553
3554
872
1126
2003
2004
873
1127
3556
3557
2006
2007
1132
3559
3560
876
1133
2009
2010
877
1134
3562
3563
2012
2013
1139
3565
1899
1900
1901
2020
2021
2022
1023
1034
3567
3568
3569
882
1037
2027
2028
2029
883
1025
1038
3578
3579
3580
2034
2035
2036
1750
2980
3589
3590
3591
886
1753
2041
2042
2043
887
1754
2982
3600
3601
3602
2048
2049
2050
1757
2992
3611
3612
3613
890
1760
2055
2056
2057
891
1761
2994
3622
3623
3624
2062
2063
2064
1785
3003
3633
3634
3635
909
1788
2069
2070
2071
910
1789
3005
3644
3645
3646
1154
1768
2076
2077
2078
1769
2082
2084
2086
2088
3009
3657
3658
3661
3662
900
902
1770
2083
2084
2085
1157
3011
3651
3652
3653
901
913
1158
2089
2090
905
914
3013
3658
3659
3660
1776
3665
3666
3667
1164
3675
3676
1782
2099
2100
2101
1783
2105
2107
2109
2111
3016
3685
3686
3689
3690
907
1166
1784
2106
2107
5679
5680
5681
5682
3018
3679
3680
3681
908
1184
3020
3686
3687
3688
2112
5693
5694
5695
5696
5849
3030
3692
3693
2116
2117
2118
1799
3034
3700
3701
3702
919
1802
2123
2124
2125
920
1803
3036
3711
3712
3713
1174
2129
2130
917
3040
3045
3047
3049
3051
3659
3660
3663
3717
3718
3719
3720
1177
3042
3722
3723
3724
918
923
1178
2132
2133
2134
924
1185
2137
2138
2139
2140
3044
3721
3724
3726
3727
3753
3754
3756
1183
2141
2142
2143
2147
2148
2149
1809
3055
3735
3736
3737
933
1812
2154
2155
2156
934
1813
3057
3746
3747
3748
1196
1424
1425
2133
2134
2136
2773
2774
2776
2777
3061
3753
3754
3755
926
927
1199
3063
3066
3069
3071
3072
1200
1201
1423
1425
1427
1428
1836
2160
2162
2164
2166
930
1837
2160
2163
2165
2166
3065
3752
3755
3757
3758
3764
3765
3767
931
1203
1838
2162
2163
5697
5701
5702
5703
1186
3075
3080
3082
3084
3086
3759
3760
3761
3762
3770
3771
3774
3775
3077
3764
3765
3766
937
1205
1440
2790
2791
2793
2794
2795
2796
2798
2799
938
1206
3079
3771
3772
3773
2168
2169
2170
1829
3087
3782
3783
3784
946
1832
2175
2176
2177
947
1833
3089
3793
3794
3795
1838
2182
2183
2184
3100
3800
3801
3802
940
941
1841
3102
1212
1842
2181
2184
2186
2187
3122
3806
3808
3810
3812
943
3104
3123
3799
3802
3804
3805
3806
3809
3811
3812
944
1214
3124
3807
3808
3809
2191
2192
3114
3116
3117
5860
5863
5881
5884
945
1850
2190
2191
5861
1214
2193
2194
5865
2199
2200
2201
1843
3118
3818
3819
3820
950
1846
2206
2207
2208
951
1847
3120
3829
3830
3831
2213
2214
2215
1856
3129
3840
3841
3842
954
1859
2220
2221
2222
955
1860
3131
3851
3852
3853
2227
2228
2229
1863
3133
3862
3863
3864
958
1866
2234
2235
2236
959
1867
3135
3873
3874
3875
2241
2242
2243
1870
3137
3884
3885
3886
962
1873
2248
2249
2250
963
1874
3139
3895
3896
3897
2255
2256
2257
1877
3141
3906
3907
3908
966
1880
2262
2263
2264
967
1881
3143
3917
3918
3919
2269
2270
2271
968
973
3928
3929
3930
3143
3939
3940
3941
970
1884
3144
3946
3947
3948
3147
3957
3958
3959
972
1889
3148
3964
3965
3966
3151
3973
3974
3975
975
1881
3266
3267
3270
3271
3929
3930
3933
3990
3991
3992
3993
1882
3984
3985
3986
976
1883
1885
3983
3985
3987
3989
3994
3995
3996
3997
978
3157
3273
3274
3277
3278
4005
4006
4007
4008
3158
3999
4000
4001
979
3159
3281
3998
4000
4002
4004
4009
4010
4011
4012
981
3164
3287
3288
3291
3292
4020
4021
4022
4023
3165
4014
4015
4016
982
3166
3295
4013
4015
4017
4019
4024
4025
4026
4027
984
3171
3301
3302
3305
3306
4035
4036
4037
4038
3172
4029
4030
4031
985
3173
3309
4028
4030
4032
4034
4039
4040
4041
4042
987
3178
3315
3316
3319
3320
4050
4051
4052
4053
3179
4044
4045
4046
988
3180
3323
4043
4045
4047
4049
4054
4055
4056
4057
990
3185
3329
3330
3333
3334
4065
4066
4067
4068
3186
4059
4060
4061
991
3187
3337
4058
4060
4062
4064
4069
4070
4071
4072
993
3192
3343
3344
3347
3348
4080
4081
4082
4083
3193
4074
4075
4076
994
3194
3351
4073
4075
4077
4079
4084
4085
4086
4087
996
3199
3357
3358
3361
3362
4095
4096
4097
4098
3200
4089
4090
4091
997
3201
3365
4088
4090
4092
4094
4099
4100
4101
4102
999
3206
3371
3372
3375
3376
4110
4111
4112
4113
3207
4104
4105
4106
1000
3208
3379
4103
4105
4107
4109
4114
4115
4116
4117
1002
3213
3385
3386
3389
3390
4125
4126
4127
4128
3214
4119
4120
4121
1003
3215
3393
4118
4120
4122
4124
4129
4130
4131
4132
1005
3220
3399
3400
3403
3404
4140
4141
4142
4143
3221
4134
4135
4136
1006
3222
3407
4133
4135
4137
4139
4144
4145
4146
4147
1008
3227
3413
3414
3417
3418
4155
4156
4157
4158
3228
4149
4150
4151
1009
3229
3421
4148
4150
4152
4154
4159
4160
4161
4162
1011
3234
3427
3428
3431
3432
4170
4171
4172
4173
3235
4164
4165
4166
1012
3236
3435
4163
4165
4167
4169
4174
4175
4176
4177
1014
3241
3441
3442
3445
3446
4185
4186
4187
4188
3242
4179
4180
4181
1015
3243
3449
4178
4180
4182
4184
4189
4190
4191
4192
1017
3248
3455
3456
3459
3460
4200
4201
4202
4203
3249
4194
4195
4196
1018
3250
3463
4193
4195
4197
4199
4204
4205
4206
4207
3253
3469
3471
4208
4209
5885
5887
5889
5890
1351
2015
2019
4210
4211
1242
2020
2301
2302
1243
2017
2023
4213
4214
1353
2024
2304
2305
4216
4217
4218
1027
2861
4223
4224
4227
1026
2864
2980
3578
3579
3581
4218
4220
4221
4222
4230
4231
4232
4233
1029
2865
2981
4226
4227
4228
4229
4234
4235
4236
4237
4238
4239
4242
1031
2868
4245
4246
4249
1030
2871
2984
4241
4242
4243
4244
4252
4253
4254
4255
1032
2872
2985
4248
4249
4250
4251
4256
4257
4258
4259
4260
4261
4264
1033
2878
2988
4263
4264
4265
4266
4271
4272
4273
4274
2879
2989
4269
4270
4275
4276
5814
5815
5816
5817
4277
4278
4279
1925
1926
1927
2317
2318
2321
1041
2862
4284
4285
4288
1038
1039
1644
1646
1647
1648
2027
2029
2031
1040
1750
2864
3578
3580
3582
4279
4281
4282
4283
1040
1044
1751
2320
2321
2322
2323
1045
1752
2866
4287
4288
4289
4290
4291
4292
4295
1931
1932
1933
2324
2325
2328
1048
2883
4298
4299
4302
1045
1046
1652
1653
1654
1655
1047
2885
4294
4295
4296
4297
1047
1051
2327
2328
2329
2330
1052
2887
4301
4302
4303
4304
4305
4306
4309
1937
1938
1939
2331
2332
2335
1055
2890
4312
4313
4316
1052
1053
1659
1660
1661
1662
1054
2892
4308
4309
4310
4311
1054
1058
2334
2335
2336
2337
1059
2894
4315
4316
4317
4318
4319
4320
4323
1943
1944
1945
2338
2339
2342
1062
2897
4326
4327
4330
1059
1060
1666
1667
1668
1669
1061
2899
4322
4323
4324
4325
1061
1065
2341
2342
2343
2344
1066
2901
4329
4330
4331
4332
4333
4334
4337
1949
1950
1951
2345
2346
2349
1069
2904
4340
4341
4344
1066
1067
1673
1674
1675
1676
1068
2906
4336
4337
4338
4339
1068
1072
2348
2349
2350
2351
1073
2908
4343
4344
4345
4346
4347
4348
4351
1955
1956
1957
2352
2353
2356
1076
2911
4354
4355
4358
1073
1074
1680
1681
1682
1683
1075
2913
4350
4351
4352
4353
1075
1079
2355
2356
2357
2358
1080
2915
4357
4358
4359
4360
4361
4362
4365
1961
1962
1963
2359
2360
2363
1083
2918
4368
4369
4372
1080
1081
1687
1688
1689
1690
1082
2920
4364
4365
4366
4367
1082
1086
2362
2363
2364
2365
1087
2922
4371
4372
4373
4374
4375
4376
4379
1967
1968
1969
2366
2367
2370
1090
2925
4382
4383
4386
1087
1088
1694
1695
1696
1697
1089
2927
4378
4379
4380
4381
1089
1093
2369
2370
2371
2372
1094
2929
4385
4386
4387
4388
4389
4390
4393
1973
1974
1975
2373
2374
2377
1097
2932
4396
4397
4400
1094
1095
1701
1702
1703
1704
1096
2934
4392
4393
4394
4395
1096
1100
2376
2377
2378
2379
1101
2936
4399
4400
4401
4402
4403
4404
4407
1979
1980
1981
2380
2381
2384
1104
2939
4410
4411
4414
1101
1102
1708
1709
1710
1711
1103
2941
4406
4407
4408
4409
1103
1107
2383
2384
2385
2386
1108
2943
4413
4414
4415
4416
4417
4418
4421
1985
1986
1987
2387
2388
2391
1111
2946
4424
4425
4428
1108
1109
1715
1716
1717
1718
1110
2948
4420
4421
4422
4423
1110
1114
2390
2391
2392
2393
1115
2950
4427
4428
4429
4430
4431
4432
4435
1991
1992
1993
2394
2395
2398
1118
2953
4438
4439
4442
1115
1116
1722
1723
1724
1725
1117
2955
4434
4435
4436
4437
1117
1121
2397
2398
2399
2400
1122
2957
4441
4442
4443
4444
4445
4446
4449
1997
1998
1999
2401
2402
2405
1125
2960
4452
4453
4456
1122
1123
1729
1730
1731
1732
1124
2962
4448
4449
4450
4451
1124
1128
2404
2405
2406
2407
1129
2964
4455
4456
4457
4458
4459
4460
4463
2003
2004
2005
2408
2409
2412
1132
2967
4466
4467
4470
1129
1130
1736
1737
1738
1739
1131
2969
4462
4463
4464
4465
1131
1135
2411
2412
2413
2414
1136
2971
4469
4470
4471
4472
4473
4474
4477
2009
2010
2011
2415
2416
2419
1139
2974
4480
4481
4484
1136
1137
1743
1744
1745
1746
1138
2976
4476
4477
4478
4479
1138
2418
2419
2420
2421
5845
2978
4483
4484
4485
4486
5846
4487
4488
5842
1355
2033
3584
4490
4491
1352
2034
2422
2423
1354
2037
3586
4493
4494
1357
2038
2425
2426
1359
2047
3606
4496
4497
1356
2048
2428
2429
1358
2051
3608
4499
4500
1361
2052
2431
2432
1363
2061
3628
4502
4503
1360
2062
2434
2435
1362
2065
3630
4505
4506
1365
2066
2437
2438
1154
1156
1154
1157
1160
2076
2078
2080
2440
2442
2443
2445
1156
1157
1162
1172
2443
2444
2445
2446
1173
2441
2442
2443
2446
3651
3652
3654
1164
1174
2089
2090
2091
2440
2441
2444
1161
1163
1161
1793
1795
1797
2447
2449
2450
2452
2093
2095
2455
2456
5742
5764
5776
5778
1163
2450
2451
2452
2453
1179
2456
2457
5777
5778
1180
2447
2448
2451
3675
3676
3677
1167
3000
3021
3024
3026
3027
3672
3674
5743
5802
3001
4508
4509
4512
3002
4511
4512
4513
4514
5850
1400
2115
3695
4515
4516
1364
2116
2461
2462
1366
2119
3697
4518
4519
1402
2120
2464
2465
1176
2470
2471
2472
2473
1177
2467
2469
2470
2472
3046
3048
3050
1180
2129
2130
2131
2467
2468
2471
1176
1177
1181
1194
2477
2478
2479
2480
1195
2475
2476
2477
2480
3722
3723
3725
1183
1196
2132
2133
2135
2474
2475
2478
1182
4530
4531
5819
5820
3052
3053
3054
4521
4522
4525
1182
2484
2485
2486
2487
1816
2490
2491
5780
5781
1817
2141
2142
2144
2481
2482
2485
1186
3687
3688
3691
4536
4537
4538
4539
1186
3081
3082
3084
4540
4541
4542
4543
1187
1188
1189
3760
3761
4538
4539
4542
4543
1189
4545
4563
1419
2146
3730
4546
4547
1401
2147
2492
2493
1403
2150
3732
4549
4550
1421
2151
2495
2496
1196
1198
1196
1199
3067
3069
3071
1200
1424
1425
1427
1817
2475
2478
2480
1198
1199
1200
1819
1200
1821
1202
1821
1824
1826
1827
1828
4554
4555
4556
4559
1204
1822
2500
2501
3091
5783
5784
1205
3092
4553
4554
4557
3093
4552
4556
4557
4558
4559
4560
4561
5754
5821
5822
2506
5730
5731
5732
5734
5735
5736
5737
5739
2510
2511
3115
3771
3773
3775
5870
5871
5882
5883
1449
2167
3777
4565
4566
1420
2168
2512
2513
1422
2171
3779
4568
4569
1451
2172
2515
2516
1213
2525
2526
3093
3108
3109
3110
3111
4560
4562
5754
5786
5787
5823
1213
1214
3096
3106
3107
3108
3111
1215
3097
1215
2193
2194
2195
2519
2520
2521
2522
3807
3808
3810
2196
2197
2524
2525
5747
5771
5785
5787
1461
2193
2519
2528
2529
2530
1463
2195
2521
2535
2536
2537
1464
2198
3813
4573
4574
1450
2199
2541
2542
1452
2202
3815
4576
4577
1466
2203
2544
2545
1468
2212
3835
4579
4580
1465
2213
2547
2548
1467
2216
3837
4582
4583
1470
2217
2550
2551
1472
2226
3857
4585
4586
1469
2227
2553
2554
1471
2230
3859
4588
4589
1474
2231
2556
2557
1476
2240
3879
4591
4592
1473
2241
2559
2560
1475
2244
3881
4594
4595
1478
2245
2562
2563
1480
2254
3901
4597
4598
1477
2255
2565
2566
1479
2258
3903
4600
4601
1482
2259
2568
2569
1484
2268
3923
4603
4604
1481
2269
2571
2572
1483
2272
3925
4606
4607
1485
2273
2574
2575
1246
2577
1245
1248
2578
1249
1902
2016
2579
1904
2017
2580
2020
2581
2582
1260
1903
2021
4609
4610
1904
2023
4612
4613
1630
1905
2584
1252
1631
1907
2585
1253
1908
2307
2586
1910
2308
2587
1634
1911
2588
1256
1635
1913
2589
1257
1914
2311
2590
1916
2312
2591
1638
1917
2592
1259
1639
1919
2593
1921
2315
2594
1642
3475
4615
4616
1263
1643
2595
2596
1265
1645
3477
4618
4619
2317
2598
2599
1266
2318
3479
4621
4622
2319
3480
4624
4625
1649
3481
4627
4628
1269
1650
2601
2602
1271
1651
3483
4630
4631
2324
2604
2605
1272
2325
3485
4633
4634
2326
3486
4636
4637
1656
3487
4639
4640
1275
1657
2607
2608
1277
1658
3489
4642
4643
2331
2610
2611
1278
2332
3491
4645
4646
2333
3492
4648
4649
1663
3493
4651
4652
1281
1664
2613
2614
1283
1665
3495
4654
4655
2338
2616
2617
1284
2339
3497
4657
4658
2340
3498
4660
4661
1670
3499
4663
4664
1287
1671
2619
2620
1289
1672
3501
4666
4667
2345
2622
2623
1290
2346
3503
4669
4670
2347
3504
4672
4673
1677
3505
4675
4676
1293
1678
2625
2626
1295
1679
3507
4678
4679
2352
2628
2629
1296
2353
3509
4681
4682
2354
3510
4684
4685
1684
3511
4687
4688
1299
1685
2631
2632
1301
1686
3513
4690
4691
2359
2634
2635
1302
2360
3515
4693
4694
2361
3516
4696
4697
1691
3517
4699
4700
1305
1692
2637
2638
1307
1693
3519
4702
4703
2366
2640
2641
1308
2367
3521
4705
4706
2368
3522
4708
4709
1698
3523
4711
4712
1311
1699
2643
2644
1313
1700
3525
4714
4715
2373
2646
2647
1314
2374
3527
4717
4718
2375
3528
4720
4721
1705
3529
4723
4724
1317
1706
2649
2650
1319
1707
3531
4726
4727
2380
2652
2653
1320
2381
3533
4729
4730
2382
3534
4732
4733
1712
3535
4735
4736
1323
1713
2655
2656
1325
1714
3537
4738
4739
2387
2658
2659
1326
2388
3539
4741
4742
2389
3540
4744
4745
1719
3541
4747
4748
1329
1720
2661
2662
1331
1721
3543
4750
4751
2394
2664
2665
1332
2395
3545
4753
4754
2396
3546
4756
4757
1726
3547
4759
4760
1335
1727
2667
2668
1337
1728
3549
4762
4763
2401
2670
2671
1338
2402
3551
4765
4766
2403
3552
4768
4769
1733
3553
4771
4772
1341
1734
2673
2674
1343
1735
3555
4774
4775
2408
2676
2677
1344
2409
3557
4777
4778
2410
3558
4780
4781
1740
3559
4783
4784
1347
1741
2679
2680
1349
1742
3561
4786
4787
2415
2682
2683
1350
2416
3563
4789
4790
2417
3564
4792
4793
1747
3565
4795
4796
2026
3573
4798
4799
2028
2685
2686
2030
2688
2689
2032
3576
4801
4802
2040
3595
4804
4805
2042
2691
2692
2044
2694
2695
2046
3598
4807
4808
2054
3617
4810
4811
2056
2697
2698
2058
2700
2701
2060
3620
4813
4814
2068
3639
4816
4817
2070
2703
2704
2072
2706
2707
2074
3642
4819
4820
1373
2075
3650
4823
4824
4825
1380
2078
2440
2709
2710
2711
1405
2441
3652
4830
4831
4832
2080
2442
3654
4837
4838
4839
1376
1383
2081
2714
2715
1378
1407
3656
4822
4825
4827
4828
4829
4832
4834
4835
2082
3657
4844
4845
4846
1388
2085
2096
2717
2718
1378
1389
3660
3718
4850
4853
4855
4856
2087
2097
2720
2721
1390
2088
3662
4851
4852
4853
3663
3719
4843
4846
4848
4849
1384
1792
4857
4858
1795
2447
2723
2724
2725
1385
1806
2448
4860
4861
1386
1797
2449
2728
2729
2730
1798
2097
4863
4864
2092
4866
4867
2454
3728
4869
4870
2095
2455
2733
2734
2735
1393
2098
3678
4873
4874
4875
2101
2458
2738
2739
1392
3680
4532
4879
4882
4883
4885
2103
3682
4880
4881
4882
1395
2104
2459
2741
2742
1397
3684
4533
4872
4875
4877
4878
2105
3685
4887
4888
4889
1397
1398
3688
4536
4893
4896
4898
4899
2110
2460
2744
1399
2111
3690
4894
4895
4896
3691
4537
4886
4889
4891
4892
3693
4544
4900
4903
4904
4906
2114
3694
4901
4902
4903
2122
3706
4907
4908
2124
2745
2746
2126
2748
2749
2128
3709
4910
4911
1407
1409
3045
3717
4920
4921
4925
4926
2467
3046
4914
4915
4916
1410
1807
2468
2751
2752
3049
3719
4913
4915
4918
4919
1412
2469
3050
4921
4922
4923
2137
3721
4934
4935
4939
4940
4941
4942
4945
4946
1414
2474
2754
2755
1424
2475
3723
4928
4929
4930
2476
3725
4935
4936
4937
1426
2140
3727
4942
4943
4944
1807
2481
4948
4949
1417
1823
2482
2757
2758
2759
1418
1808
2483
4951
4952
2488
2498
2762
2763
2764
2489
3729
4954
4955
2153
3741
4957
4958
2155
2767
2768
2157
2770
2771
2159
3744
4960
4961
1427
1428
1429
3066
4963
4964
4967
4969
1427
3067
4928
4930
4933
4963
4965
4967
4968
1427
1428
1824
1431
3070
4964
4965
4966
3071
1432
1826
2773
2775
2776
2778
2784
2785
2788
2160
2783
2784
2788
2789
3752
4970
4971
4975
4976
4977
4978
4981
4982
1435
2138
3754
4970
4973
4974
4976
4977
4979
4981
4983
2140
3756
4971
4972
4973
2164
2502
2784
2785
2786
1437
2165
3758
4978
4979
4980
1436
1438
3080
3759
4984
4985
4988
4990
4992
4993
4995
1436
3081
4540
4984
4986
4988
4989
3084
3761
4542
1442
3085
4985
4986
4987
1444
3763
4992
4993
4994
2161
2504
2791
2792
2163
2182
3765
4998
5001
5002
5004
5005
5007
5009
5011
1445
2183
2505
2796
2797
2165
3767
4999
5000
5001
1448
2185
3769
5006
5007
5008
1447
3759
3770
4993
4994
4997
5012
5013
5016
5017
1454
2509
2800
1447
1455
2510
3773
5012
5015
5017
5018
5026
5027
5029
2511
3762
3775
1457
3776
5013
5014
5015
2174
3788
5019
5020
2176
2801
2802
2178
2804
2805
2180
3791
5022
5023
1457
1458
1459
2181
3799
3806
2183
2518
2808
2809
2810
1460
3801
5026
5027
5028
1461
2519
3807
5033
5034
5035
2185
2807
2809
2812
2813
3803
5014
5015
5018
5025
5027
5029
5030
2187
2520
2807
2810
2811
2813
3810
5032
5034
5036
5037
1462
3805
3811
5025
5028
5030
5031
5032
5035
5037
5038
2510
3115
5040
5041
5042
2190
2815
2816
2817
2192
2814
2816
2819
2820
3117
5039
5042
5044
5045
5853
2197
2524
2822
2823
2824
2205
3824
5046
5047
2207
2828
2829
2209
2831
2832
2211
3827
5049
5050
2219
3846
5052
5053
2221
2834
2835
2223
2837
2838
2225
3849
5055
5056
2233
3868
5058
5059
2235
2840
2841
2237
2843
2844
2239
3871
5061
5062
2247
3890
5064
5065
2249
2846
2847
2251
2849
2850
2253
3893
5067
5068
2261
3912
5070
5071
2263
2852
2853
2265
2855
2856
2267
3915
5073
5074
1486
1488
5076
5077
1490
2858
2859
2275
3923
5079
5080
1493
2277
3926
5082
5083
1491
2268
2275
5076
5077
5078
5092
5093
5097
5098
1504
2271
5086
5087
5088
2273
5093
5094
5095
1505
2274
2278
5085
5088
5090
5091
1494
2279
3254
5099
5100
2281
3257
5102
5103
2283
3934
5105
5106
1497
2285
3937
5108
5109
1498
2287
3258
5111
5112
2289
3261
5114
5115
2291
3952
5117
5118
1501
2293
3955
5120
5121
1502
2295
3262
5123
5124
2297
3265
5126
5127
2299
3970
5129
5130
1505
1507
3266
3990
5139
5140
5144
5145
3269
5133
5134
5135
3271
3992
5132
5134
5137
5138
1509
3272
5140
5141
5142
1510
3983
3994
5153
5154
5158
5159
1512
3986
5147
5148
5149
3988
5154
5155
5156
1513
3989
3997
5146
5149
5151
5152
1513
1515
3273
4005
5167
5168
5172
5173
3276
5161
5162
5163
3278
4007
5160
5162
5165
5166
1517
3279
5168
5169
5170
1518
3998
4009
5181
5182
5186
5187
1520
4001
5175
5176
5177
4003
5182
5183
5184
1521
4004
4012
5174
5177
5179
5180
1521
1523
3287
4020
5195
5196
5200
5201
3290
5189
5190
5191
3292
4022
5188
5190
5193
5194
1525
3293
5196
5197
5198
1526
4013
4024
5209
5210
5214
5215
1528
4016
5203
5204
5205
4018
5210
5211
5212
1529
4019
4027
5202
5205
5207
5208
1529
1531
3301
4035
5223
5224
5228
5229
3304
5217
5218
5219
3306
4037
5216
5218
5221
5222
1533
3307
5224
5225
5226
1534
4028
4039
5237
5238
5242
5243
1536
4031
5231
5232
5233
4033
5238
5239
5240
1537
4034
4042
5230
5233
5235
5236
1537
1539
3315
4050
5251
5252
5256
5257
3318
5245
5246
5247
3320
4052
5244
5246
5249
5250
1541
3321
5252
5253
5254
1542
4043
4054
5265
5266
5270
5271
1544
4046
5259
5260
5261
4048
5266
5267
5268
1545
4049
4057
5258
5261
5263
5264
1545
1547
3329
4065
5279
5280
5284
5285
3332
5273
5274
5275
3334
4067
5272
5274
5277
5278
1549
3335
5280
5281
5282
1550
4058
4069
5293
5294
5298
5299
1552
4061
5287
5288
5289
4063
5294
5295
5296
1553
4064
4072
5286
5289
5291
5292
1553
1555
3343
4080
5307
5308
5312
5313
3346
5301
5302
5303
3348
4082
5300
5302
5305
5306
1557
3349
5308
5309
5310
1558
4073
4084
5321
5322
5326
5327
1560
4076
5315
5316
5317
4078
5322
5323
5324
1561
4079
4087
5314
5317
5319
5320
1561
1563
3357
4095
5335
5336
5340
5341
3360
5329
5330
5331
3362
4097
5328
5330
5333
5334
1565
3363
5336
5337
5338
1566
4088
4099
5349
5350
5354
5355
1568
4091
5343
5344
5345
4093
5350
5351
5352
1569
4094
4102
5342
5345
5347
5348
1569
1571
3371
4110
5363
5364
5368
5369
3374
5357
5358
5359
3376
4112
5356
5358
5361
5362
1573
3377
5364
5365
5366
1574
4103
4114
5377
5378
5382
5383
1576
4106
5371
5372
5373
4108
5378
5379
5380
1577
4109
4117
5370
5373
5375
5376
1577
1579
3385
4125
5391
5392
5396
5397
3388
5385
5386
5387
3390
4127
5384
5386
5389
5390
1581
3391
5392
5393
5394
1582
4118
4129
5405
5406
5410
5411
1584
4121
5399
5400
5401
4123
5406
5407
5408
1585
4124
4132
5398
5401
5403
5404
1585
1587
3399
4140
5419
5420
5424
5425
3402
5413
5414
5415
3404
4142
5412
5414
5417
5418
1589
3405
5420
5421
5422
1590
4133
4144
5433
5434
5438
5439
1592
4136
5427
5428
5429
4138
5434
5435
5436
1593
4139
4147
5426
5429
5431
5432
1593
1595
3413
4155
5447
5448
5452
5453
3416
5441
5442
5443
3418
4157
5440
5442
5445
5446
1597
3419
5448
5449
5450
1598
4148
4159
5461
5462
5466
5467
1600
4151
5455
5456
5457
4153
5462
5463
5464
1601
4154
4162
5454
5457
5459
5460
1601
1603
3427
4170
5475
5476
5480
5481
3430
5469
5470
5471
3432
4172
5468
5470
5473
5474
1605
3433
5476
5477
5478
1606
4163
4174
5489
5490
5494
5495
1608
4166
5483
5484
5485
4168
5490
5491
5492
1609
4169
4177
5482
5485
5487
5488
1609
1611
3441
4185
5503
5504
5508
5509
3444
5497
5498
5499
3446
4187
5496
5498
5501
5502
1613
3447
5504
5505
5506
1614
4178
4189
5517
5518
5522
5523
1616
4181
5511
5512
5513
4183
5518
5519
5520
1617
4184
4192
5510
5513
5515
5516
1617
1619
3455
4200
5531
5532
5536
5537
3458
5525
5526
5527
3460
4202
5524
5526
5529
5530
1621
3461
5532
5533
5534
1622
4193
4204
5545
5546
5550
5551
1623
4196
5539
5540
5541
4198
5546
5547
5548
1624
4199
4207
5538
5541
5543
5544
3470
5553
5554
5555
3471
4209
5552
5554
5557
5558
5856
5559
5560
1627
2861
5562
5563
5565
5566
1629
2868
5568
5569
5571
5572
2016
4216
5576
5577
2308
4219
5579
5580
1633
2018
4220
4231
5577
5578
2309
4221
4232
5580
5581
2307
4238
5582
5583
2312
4240
5585
5586
1637
2313
4241
4252
5586
5587
2310
4243
4254
5583
5584
2311
4260
5588
5589
2315
4262
5591
5592
1641
2316
4263
4271
5592
5593
2314
4265
4273
5589
5590
1645
1646
2021
4277
4615
4616
4617
1645
1648
2317
2595
2596
2597
1646
1648
2022
1647
2319
4280
4618
4619
4620
1647
2025
4281
1648
2320
4282
2322
1651
1654
2318
4291
4627
4628
4629
1651
1655
2324
2601
2602
2603
1652
2326
4293
4630
4631
4632
1654
1655
2327
4294
1654
1655
2321
2323
4296
2329
1658
1661
2325
4305
4639
4640
4641
1658
1662
2331
2607
2608
2609
1659
2333
4307
4642
4643
4644
1661
1662
2334
4308
1661
1662
2328
2330
4310
2336
1665
1668
2332
4319
4651
4652
4653
1665
1669
2338
2613
2614
2615
1666
2340
4321
4654
4655
4656
1668
1669
2341
4322
1668
1669
2335
2337
4324
2343
1672
1675
2339
4333
4663
4664
4665
1672
1676
2345
2619
2620
2621
1673
2347
4335
4666
4667
4668
1675
1676
2348
4336
1675
1676
2342
2344
4338
2350
1679
1682
2346
4347
4675
4676
4677
1679
1683
2352
2625
2626
2627
1680
2354
4349
4678
4679
4680
1682
1683
2355
4350
1682
1683
2349
2351
4352
2357
1686
1689
2353
4361
4687
4688
4689
1686
1690
2359
2631
2632
2633
1687
2361
4363
4690
4691
4692
1689
1690
2362
4364
1689
1690
2356
2358
4366
2364
1693
1696
2360
4375
4699
4700
4701
1693
1697
2366
2637
2638
2639
1694
2368
4377
4702
4703
4704
1696
1697
2369
4378
1696
1697
2363
2365
4380
2371
1700
1703
2367
4389
4711
4712
4713
1700
1704
2373
2643
2644
2645
1701
2375
4391
4714
4715
4716
1703
1704
2376
4392
1703
1704
2370
2372
4394
2378
1707
1710
2374
4403
4723
4724
4725
1707
1711
2380
2649
2650
2651
1708
2382
4405
4726
4727
4728
1710
1711
2383
4406
1710
1711
2377
2379
4408
2385
1714
1717
2381
4417
4735
4736
4737
1714
1718
2387
2655
2656
2657
1715
2389
4419
4738
4739
4740
1717
1718
2390
4420
1717
1718
2384
2386
4422
2392
1721
1724
2388
4431
4747
4748
4749
1721
1725
2394
2661
2662
2663
1722
2396
4433
4750
4751
4752
1724
1725
2397
4434
1724
1725
2391
2393
4436
2399
1728
1731
2395
4445
4759
4760
4761
1728
1732
2401
2667
2668
2669
1729
2403
4447
4762
4763
4764
1731
1732
2404
4448
1731
1732
2398
2400
4450
2406
1735
1738
2402
4459
4771
4772
4773
1735
1739
2408
2673
2674
2675
1736
2410
4461
4774
4775
4776
1738
1739
2411
4462
1738
1739
2405
2407
4464
2413
1742
1745
2409
4473
4783
4784
4785
1742
1746
2415
2679
2680
2681
1743
2417
4475
4786
4787
4788
1745
1746
2418
4476
1745
1746
2412
2414
4478
2420
1749
2416
4487
4795
4796
4797
1749
2419
5845
2421
4489
5845
1752
1754
3590
3591
3594
1752
1755
1756
1754
1755
2041
2043
2045
1756
1757
3600
3602
3604
1756
1758
1759
1759
1761
3612
3613
3616
1759
1762
1763
1761
1762
2055
2057
2059
1763
1785
3622
3624
3626
1763
1786
1787
1766
1768
1766
1769
1770
1772
1778
1768
1769
1770
1774
2076
2077
2079
1770
1781
1776
1782
2083
2084
2086
1773
1775
1773
1776
1777
2996
1775
1776
1793
1794
1796
1777
2093
2094
5742
5763
1777
2999
3665
3666
3668
3000
3672
3673
5743
5801
1780
1782
1780
1783
5843
1784
2997
5847
1782
1783
1784
2099
2100
2102
2999
1784
5848
2106
2107
2109
3001
5849
1787
1789
3634
3635
3638
1787
1790
1791
1789
1790
2069
2071
2073
1791
1799
3644
3646
3648
1791
1800
1801
1796
1797
1798
2092
3664
4857
4858
4859
1796
1797
2093
1796
1798
2077
3665
1797
1798
2078
2724
2725
2727
2094
3668
2095
2728
2729
2732
2081
3669
4863
4864
4865
1801
1803
3701
3702
3705
1801
1804
1805
1803
1804
2123
2125
2127
1805
1809
3711
3713
3715
1805
1810
1811
1808
3052
3054
3728
4521
4860
4522
5594
5595
3729
4523
4951
5595
5596
1811
1813
3736
3737
3740
1811
1814
1815
1813
1814
2154
2156
2158
1815
1829
3746
3748
3750
1815
1830
1831
1818
1820
1818
1821
1823
1824
1828
2482
2485
2487
1822
2488
2491
2498
2501
5752
5753
5780
5783
1820
1821
1822
1822
1825
1828
2498
2757
2759
2761
1826
1828
1827
2499
5599
5601
5602
1827
2502
5598
5600
5601
5602
1828
2500
2503
2501
1831
1833
3783
3784
3787
1831
1834
1835
1833
1834
2175
2177
2179
1835
1843
3793
3795
3797
1835
1844
1845
1838
1840
1838
1841
1842
2162
2163
2166
2182
2184
2186
3092
1840
1841
1842
3094
1842
3096
1845
1847
3819
3820
3823
1845
1848
1849
1847
1848
2206
2208
2210
1849
1856
3829
3831
3833
1849
1857
1858
1852
2191
3124
5861
5863
1852
3127
1854
3128
1855
2196
5747
5869
5906
1855
1858
1860
3841
3842
3845
1858
1861
1862
1860
1861
2220
2222
2224
1862
1863
3851
3853
3855
1862
1864
1865
1865
1867
3863
3864
3867
1865
1868
1869
1867
1868
2234
2236
2238
1869
1870
3873
3875
3877
1869
1871
1872
1872
1874
3885
3886
3889
1872
1875
1876
1874
1875
2248
2250
2252
1876
1877
3895
3897
3899
1876
1878
1879
1879
1881
3907
3908
3911
1879
1882
1883
3153
1881
1882
2262
2264
2266
3267
3268
3270
1883
3917
3919
3921
1883
3156
3984
3985
3987
3157
1886
3947
3948
3951
5607
5608
5609
5610
1886
1887
1888
1890
3280
1888
3283
3995
3996
5605
5606
1892
3284
5609
5610
1891
3965
3966
3969
5615
5616
5617
5618
1891
1892
1893
1895
1893
5613
5614
1897
5617
5618
1896
3980
3982
5623
5624
5748
5811
5834
5835
1896
1897
1898
1898
5621
5622
5624
5835
1901
2581
1901
1922
4609
2583
4611
1905
3567
5625
5626
3475
3568
4610
5629
5630
3570
5628
5629
4216
5631
5632
1909
4217
5559
5635
5636
1910
4219
5634
5635
1911
4223
5637
5638
4224
5562
5641
5642
4225
5640
5641
4238
5643
5644
1915
4239
5565
5647
5648
1916
4240
5646
5647
1917
4245
5649
5650
4246
5568
5653
5654
4247
5652
5653
4260
5655
5656
1920
4261
5571
5659
5660
1921
4262
5658
5659
4267
5574
5662
5663
5741
4268
5661
5662
1924
4615
1924
2595
2597
4617
1927
2598
1927
1928
4621
2600
4623
1930
4627
1930
2601
2603
4629
1933
2604
1933
1934
4633
2606
4635
1936
4639
1936
2607
2609
4641
1939
2610
1939
1940
4645
2612
4647
1942
4651
1942
2613
2615
4653
1945
2616
1945
1946
4657
2618
4659
1948
4663
1948
2619
2621
4665
1951
2622
1951
1952
4669
2624
4671
1954
4675
1954
2625
2627
4677
1957
2628
1957
1958
4681
2630
4683
1960
4687
1960
2631
2633
4689
1963
2634
1963
1964
4693
2636
4695
1966
4699
1966
2637
2639
4701
1969
2640
1969
1970
4705
2642
4707
1972
4711
1972
2643
2645
4713
1975
2646
1975
1976
4717
2648
4719
1978
4723
1978
2649
2651
4725
1981
2652
1981
1982
4729
2654
4731
1984
4735
1984
2655
2657
4737
1987
2658
1987
1988
4741
2660
4743
1990
4747
1990
2661
2663
4749
1993
2664
1993
1994
4753
2666
4755
1996
4759
1996
2667
2669
4761
1999
2670
1999
2000
4765
2672
4767
2002
4771
2002
2673
2675
4773
2005
2676
2005
2006
4777
2678
4779
2008
4783
2008
2679
2681
4785
2011
2682
2011
2012
4789
2684
4791
2014
4795
2014
5872
4797
5873
2018
3566
3573
4210
5667
5669
3567
5664
5665
3570
5667
5668
3571
3575
5665
5666
2023
2024
2025
2026
3566
4210
4211
4212
2023
2024
2301
2302
2303
2581
2582
2583
2023
2025
3568
4609
4610
4611
2024
2025
2027
3570
4213
4214
4215
4612
4613
4614
2030
2304
2305
2306
2031
3572
2030
2031
2032
3577
4798
4799
4800
2030
2031
2030
2032
2034
2685
2686
2687
2031
2032
2035
3580
2688
2689
2690
3582
2037
3583
4801
4802
4803
2037
2038
2039
2040
3588
4490
4491
4492
2037
2038
2422
2423
2424
2037
2039
3590
2038
2039
2041
3592
4493
4494
4495
2044
2425
2426
2427
2045
3594
2044
2045
2046
3599
4804
4805
4806
2044
2045
2044
2046
2048
2691
2692
2693
2045
2046
2049
3602
2694
2695
2696
3604
2051
3605
4807
4808
4809
2051
2052
2053
2054
3610
4496
4497
4498
2051
2052
2428
2429
2430
2051
2053
3612
2052
2053
2055
3614
4499
4500
4501
2058
2431
2432
2433
2059
3616
2058
2059
2060
3621
4810
4811
4812
2058
2059
2058
2060
2062
2697
2698
2699
2059
2060
2063
3624
2700
2701
2702
3626
2065
3627
4813
4814
4815
2065
2066
2067
2068
3632
4502
4503
4504
2065
2066
2434
2435
2436
2065
2067
3634
2066
2067
2069
3636
4505
4506
4507
2072
2437
2438
2439
2073
3638
2072
2073
2074
3643
4816
4817
4818
2072
2073
2072
2074
2116
2703
2704
2705
2073
2074
2117
3646
2706
2707
2708
3648
2119
3649
4819
4820
4821
2079
2080
2081
2082
4823
4824
4826
2079
2080
2079
2081
2083
2080
2081
2710
2711
2713
2086
4837
4838
4841
2087
2714
2715
2716
2086
2087
2088
4844
4845
4847
2086
2087
3665
2086
2088
2099
2087
2088
2101
2717
2718
2719
3667
2720
2721
2722
3669
2103
4851
4852
4854
2091
2709
3675
2091
2129
4830
2712
4833
2094
2095
3671
4866
4867
4868
5765
2094
2095
5742
3673
5763
2733
2734
2737
5764
2458
3667
5670
5671
3669
5673
5674
2102
2103
2104
2105
4873
4874
4876
2102
2103
2102
2104
2106
3022
2103
2104
2738
2739
2740
3023
2109
4880
4881
4884
2110
2741
2742
2743
3025
5683
5687
5688
2109
2111
4887
4888
4890
5683
5685
5686
5688
2109
4508
5686
5687
5688
5689
2109
2111
2112
2113
4509
5676
5677
5680
4510
5683
5684
5687
2114
4894
4895
4897
5677
5678
5679
5681
2114
5849
3031
5690
5691
5694
4901
4902
4905
5690
5692
5693
5696
2119
2120
2121
2122
3699
4515
4516
4517
2119
2120
2461
2462
2463
2119
2121
3701
2120
2121
2123
3703
4518
4519
4520
2126
2464
2465
2466
2127
3705
2126
2127
2128
3710
4907
4908
4909
2126
2127
2126
2128
2147
2745
2746
2747
2127
2128
2148
3713
2748
2749
2750
3715
2150
3716
4910
4911
4912
2131
4914
2131
2751
3053
2753
4917
2135
2141
2754
2135
2136
4928
2136
2143
2756
4931
4933
2139
2140
3717
2139
2140
4540
3720
4541
4942
4944
4946
4972
4973
4974
2144
4948
2144
2145
2757
2145
2760
4950
2761
2150
2151
2152
2153
3734
4546
4547
4548
2150
2151
2492
2493
2494
2150
2152
3736
2151
2152
2154
3738
4549
4550
4551
2157
2495
2496
2497
2158
3740
2157
2158
2159
3745
4957
4958
4959
2157
2158
2157
2159
2168
2767
2768
2769
2158
2159
2169
3748
2770
2771
2772
3750
2171
3751
4960
4961
4962
2164
2165
2166
4553
5697
5698
5699
2164
2166
4554
2165
2166
2784
2786
2789
4555
5698
5700
5702
5703
4978
4980
4982
5000
5001
5002
5699
5700
5701
5702
2171
2172
2173
2174
3781
4565
4566
4567
2171
2172
2512
2513
2514
2171
2173
3783
2172
2173
2175
3785
4568
4569
4570
2178
2515
2516
2517
2179
3787
2178
2179
2180
3792
5019
5020
5021
2178
2179
2178
2180
2199
2801
2802
2803
2179
2180
2200
3795
2804
2805
2806
3797
2202
3798
5022
5023
5024
2185
2186
2187
2185
2186
2185
2187
2796
2797
2799
2809
2810
2813
3105
2186
2187
3106
5007
5008
5011
3107
2189
2807
5025
5032
2811
4571
5036
2192
2193
2816
2817
2820
3807
5862
2192
3809
5863
3811
5860
2195
2529
2530
2533
5866
2195
2196
5867
2197
2535
2537
2540
5864
2197
5747
5869
2822
2824
2827
5771
5868
2202
2203
2204
2205
3817
4573
4574
4575
2202
2203
2541
2542
2543
2202
2204
3819
2203
2204
2206
3821
4576
4577
4578
2209
2544
2545
2546
2210
3823
2209
2210
2211
3828
5046
5047
5048
2209
2210
2209
2211
2213
2828
2829
2830
2210
2211
2214
3831
2831
2832
2833
3833
2216
3834
5049
5050
5051
2216
2217
2218
2219
3839
4579
4580
4581
2216
2217
2547
2548
2549
2216
2218
3841
2217
2218
2220
3843
4582
4583
4584
2223
2550
2551
2552
2224
3845
2223
2224
2225
3850
5052
5053
5054
2223
2224
2223
2225
2227
2834
2835
2836
2224
2225
2228
3853
2837
2838
2839
3855
2230
3856
5055
5056
5057
2230
2231
2232
2233
3861
4585
4586
4587
2230
2231
2553
2554
2555
2230
2232
3863
2231
2232
2234
3865
4588
4589
4590
2237
2556
2557
2558
2238
3867
2237
2238
2239
3872
5058
5059
5060
2237
2238
2237
2239
2241
2840
2841
2842
2238
2239
2242
3875
2843
2844
2845
3877
2244
3878
5061
5062
5063
2244
2245
2246
2247
3883
4591
4592
4593
2244
2245
2559
2560
2561
2244
2246
3885
2245
2246
2248
3887
4594
4595
4596
2251
2562
2563
2564
2252
3889
2251
2252
2253
3894
5064
5065
5066
2251
2252
2251
2253
2255
2846
2847
2848
2252
2253
2256
3897
2849
2850
2851
3899
2258
3900
5067
5068
5069
2258
2259
2260
2261
3905
4597
4598
4599
2258
2259
2565
2566
2567
2258
2260
3907
2259
2260
2262
3909
4600
4601
4602
2265
2568
2569
2570
2266
3911
2265
2266
2267
3916
5070
5071
5072
2265
2266
2265
2267
2269
2852
2853
2854
2266
2267
2270
3919
2855
2856
2857
3921
2272
3922
5073
5074
5075
2272
2273
2274
3927
4603
4604
4605
2272
2273
2571
2572
2573
2272
2274
3267
3929
2273
2274
3269
5087
5088
5090
3931
4606
4607
4608
2574
2575
2576
5093
5094
5097
3271
3933
2277
2278
3927
5079
5080
5081
2277
2278
2280
3930
3991
2281
3932
5082
5083
5084
3933
3992
2281
2282
2283
3938
5099
5100
5101
2281
2282
3941
5603
3943
5102
5103
5104
2286
3944
5604
2285
2286
3945
5105
5106
5107
2285
2286
2288
3948
5607
2289
3950
5108
5109
5110
3951
5608
2289
2290
2291
3956
5111
5112
5113
2289
2290
3959
5611
3961
5114
5115
5116
2294
3962
5612
2293
2294
3963
5117
5118
5119
2293
2294
2296
3966
5615
2297
3968
5120
5121
5122
3969
5616
2297
2298
2299
3972
5123
5124
5125
2297
2298
3975
5619
3977
5126
5127
5128
2300
3978
5620
2300
3979
5129
5130
5131
5773
3982
5623
5772
2303
2577
4214
2303
2305
2306
4215
2306
2688
4211
2306
4212
4223
5704
5705
4225
5707
5708
2310
4226
4234
5708
5709
4228
4236
5705
5706
4245
5710
5711
4247
5713
5714
2314
4248
4256
5714
5715
4250
4258
5711
5712
4268
5716
5717
4269
4275
5717
5718
5775
2319
2322
2598
2599
2600
2319
2323
4285
4621
4622
4623
2320
4286
4624
4625
4626
2322
2323
4287
2322
2323
4290
2326
2329
2604
2605
2606
2326
2330
4299
4633
4634
4635
2327
4300
4636
4637
4638
2329
2330
4301
2329
2330
4304
2333
2336
2610
2611
2612
2333
2337
4313
4645
4646
4647
2334
4314
4648
4649
4650
2336
2337
4315
2336
2337
4318
2340
2343
2616
2617
2618
2340
2344
4327
4657
4658
4659
2341
4328
4660
4661
4662
2343
2344
4329
2343
2344
4332
2347
2350
2622
2623
2624
2347
2351
4341
4669
4670
4671
2348
4342
4672
4673
4674
2350
2351
4343
2350
2351
4346
2354
2357
2628
2629
2630
2354
2358
4355
4681
4682
4683
2355
4356
4684
4685
4686
2357
2358
4357
2357
2358
4360
2361
2364
2634
2635
2636
2361
2365
4369
4693
4694
4695
2362
4370
4696
4697
4698
2364
2365
4371
2364
2365
4374
2368
2371
2640
2641
2642
2368
2372
4383
4705
4706
4707
2369
4384
4708
4709
4710
2371
2372
4385
2371
2372
4388
2375
2378
2646
2647
2648
2375
2379
4397
4717
4718
4719
2376
4398
4720
4721
4722
2378
2379
4399
2378
2379
4402
2382
2385
2652
2653
2654
2382
2386
4411
4729
4730
4731
2383
4412
4732
4733
4734
2385
2386
4413
2385
2386
4416
2389
2392
2658
2659
2660
2389
2393
4425
4741
4742
4743
2390
4426
4744
4745
4746
2392
2393
4427
2392
2393
4430
2396
2399
2664
2665
2666
2396
2400
4439
4753
4754
4755
2397
4440
4756
4757
4758
2399
2400
4441
2399
2400
4444
2403
2406
2670
2671
2672
2403
2407
4453
4765
4766
4767
2404
4454
4768
4769
4770
2406
2407
4455
2406
2407
4458
2410
2413
2676
2677
2678
2410
2414
4467
4777
4778
4779
2411
4468
4780
4781
4782
2413
2414
4469
2413
2414
4472
2417
2420
2682
2683
2684
2417
2421
4481
4789
4790
4791
2418
4482
4792
4793
4794
2420
2421
4483
2420
2421
4486
2424
2686
4494
2424
2426
2427
4495
2427
2694
4491
2427
4492
2430
2692
4500
2430
2432
2433
4501
2433
2700
4497
2433
4498
2436
2698
4506
2436
2438
2439
4507
2439
2706
4503
2439
4504
2442
2445
2447
2709
2710
2712
2442
2446
2467
4830
4831
4833
2443
4838
4839
4840
2445
2446
2445
2446
2451
2471
2452
2472
2449
2452
2723
2724
2726
2449
2453
2454
4521
4860
4861
4862
2450
2455
2729
2730
2731
2452
2453
2456
2452
2453
4525
2457
4526
2455
2457
4528
4869
4870
4871
5750
2456
2734
2735
2736
5776
2457
5778
4531
5777
3023
5719
5720
2460
3025
5722
5723
4510
5725
2463
2704
4519
2463
2465
2466
4520
2466
2748
4516
2466
4517
2469
2472
4914
4916
4917
2469
2473
2474
2751
2752
2753
4522
2470
2476
4922
4923
4924
2472
2473
2477
2472
2473
4525
2479
4527
2476
2479
2481
2754
2755
2756
2476
2480
4928
4929
4931
2477
4936
4937
4938
2479
2480
2479
2480
2485
2486
2483
2486
4522
4948
4949
4950
2483
2487
2488
2757
2758
2760
2484
2489
4523
4951
4952
4953
2486
2487
2490
4524
2486
2487
4527
2491
2489
2491
2762
2763
2765
5752
2490
4529
4954
4955
4956
5779
2491
4530
5781
5780
2494
2746
4550
2494
2496
2497
4551
2497
2770
4547
2497
4548
2499
2501
2762
2764
2766
5753
2500
5782
2501
4552
5784
5783
2503
2785
2786
2787
4555
5726
5727
5728
5729
4552
4556
4553
5730
5733
2509
3105
5735
5738
2507
2508
3109
4557
4560
4558
4561
5732
5733
5734
3110
4562
5737
5738
5739
2518
5740
2511
5040
5041
5043
5870
4564
5871
2514
2768
4569
2514
2516
2517
4570
2517
2804
4566
2517
4567
2520
2523
2808
2810
2811
3105
4571
4572
5740
2520
2521
2528
2529
2531
4571
4572
5033
5034
5036
2522
3107
2522
2524
2536
2537
2538
2523
2525
3108
2526
3110
2525
2823
2824
2825
5785
2526
5787
5786
2531
2532
2533
2534
5852
2531
2532
2815
2531
2533
2537
2532
2533
2817
5852
2538
2818
5852
2540
5852
2538
2539
2540
5851
2539
2540
2822
5851
2538
2539
2823
2538
2540
2826
5851
5851
2543
2802
4577
2543
2545
2546
4578
2546
2831
4574
2546
4575
2549
2829
4583
2549
2551
2552
4584
2552
2837
4580
2552
4581
2555
2835
4589
2555
2557
2558
4590
2558
2843
4586
2558
4587
2561
2841
4595
2561
2563
2564
4596
2564
2849
4592
2564
4593
2567
2847
4601
2567
2569
2570
4602
2570
2855
4598
2570
4599
2573
2853
4607
2573
2575
2576
4608
2576
2858
4604
2576
4605
2578
2582
4214
4612
2580
5625
5664
5628
5668
2583
2583
4612
4614
2585
5576
5631
5579
5634
2587
5637
5704
5640
5707
2589
5582
5643
5585
5646
2591
5649
5710
5652
5713
2593
5588
5655
5591
5658
5661
5716
5788
2597
2597
2599
4619
4620
2600
2600
4624
4626
2603
2603
2605
4631
4632
2606
2606
4636
4638
2609
2609
2611
4643
4644
2612
2612
4648
4650
2615
2615
2617
4655
4656
2618
2618
4660
4662
2621
2621
2623
4667
4668
2624
2624
4672
4674
2627
2627
2629
4679
4680
2630
2630
4684
4686
2633
2633
2635
4691
4692
2636
2636
4696
4698
2639
2639
2641
4703
4704
2642
2642
4708
4710
2645
2645
2647
4715
4716
2648
2648
4720
4722
2651
2651
2653
4727
4728
2654
2654
4732
4734
2657
2657
2659
4739
4740
2660
2660
4744
4746
2663
2663
2665
4751
4752
2666
2666
4756
4758
2669
2669
2671
4763
4764
2672
2672
4768
4770
2675
2675
2677
4775
4776
2678
2678
4780
4782
2681
2681
2683
4787
4788
2684
2684
4792
4794
2687
2689
2687
4802
2690
4803
2690
4798
2690
4800
2693
2695
2693
4808
2696
4809
2696
4804
2696
4806
2699
2701
2699
4814
2702
4815
2702
4810
2702
4812
2705
2707
2705
4820
2708
4821
2708
4816
2708
4818
2712
2723
2712
2713
4838
2713
2715
2725
4840
2716
4841
2716
2720
4824
2716
4864
4826
2719
2721
5670
2719
2738
4852
2722
4854
2722
4844
2722
5674
4847
2726
3675
2726
2727
2729
2727
4864
2731
3677
2732
4865
2732
2733
4857
2731
2732
2731
2735
4861
4862
4859
2737
4866
2736
2737
5790
2736
4870
4871
5792
4868
5793
2740
4881
2740
2742
5719
2743
4884
2743
2744
4874
2743
5722
4876
4887
5683
2747
2749
2747
4911
2750
4912
2750
4907
2750
4909
2753
5594
2753
2755
4923
4924
2756
4948
2756
4936
4938
2760
2761
2760
2763
4952
2761
2764
4953
2765
2766
5767
2765
4955
2766
4956
5769
5770
2769
2771
2769
4961
2772
4962
2772
4957
2772
4959
2776
2777
2778
4963
2776
2777
5597
2776
2778
2779
5598
5600
4968
2780
4969
2780
2785
5726
2788
4975
2782
2786
5698
5728
2789
4982
5700
2787
2788
2789
2788
2789
2787
2788
2787
2789
2793
2794
4998
2793
2794
5697
5730
2794
5000
5699
5731
5002
5701
2798
2799
5005
2798
2799
5735
2799
2800
5008
5736
5011
2809
5014
2803
2805
2803
5023
2806
5024
2806
5019
2806
5021
2811
2812
2813
2811
2812
2812
2813
2811
2813
2818
2819
2820
5874
2818
2819
5033
2819
2820
5035
2818
2820
5875
5876
5038
5877
2825
2826
2827
5794
5855
2826
2827
5855
2825
2826
2825
2827
5796
5798
5855
5799
5855
2830
2832
2830
5050
2833
5051
2833
5046
2833
5048
2836
2838
2836
5056
2839
5057
2839
5052
2839
5054
2842
2844
2842
5062
2845
5063
2845
5058
2845
5060
2848
2850
2848
5068
2851
5069
2851
5064
2851
5066
2854
2856
2854
5074
2857
5075
2857
5070
2857
5072
2860
5076
5093
2860
5095
5078
5098
2863
2865
4224
4227
4229
5562
5563
5564
2863
2866
4284
4288
4289
2867
2869
2882
2865
2866
2867
2871
2867
2885
2873
2886
2870
2872
4246
4249
4251
5568
5569
5570
2870
2873
2874
2876
2872
2873
2874
2878
2874
2880
2877
2879
4267
4270
5574
5575
5749
5761
5814
5833
2877
2880
2881
2879
2880
2881
2881
2884
2886
2884
2887
4298
4302
4303
2888
2889
2886
2887
2888
2888
2892
2893
2891
2893
2891
2894
4312
4316
4317
2895
2896
2893
2894
2895
2895
2899
2900
2898
2900
2898
2901
4326
4330
4331
2902
2903
2900
2901
2902
2902
2906
2907
2905
2907
2905
2908
4340
4344
4345
2909
2910
2907
2908
2909
2909
2913
2914
2912
2914
2912
2915
4354
4358
4359
2916
2917
2914
2915
2916
2916
2920
2921
2919
2921
2919
2922
4368
4372
4373
2923
2924
2921
2922
2923
2923
2927
2928
2926
2928
2926
2929
4382
4386
4387
2930
2931
2928
2929
2930
2930
2934
2935
2933
2935
2933
2936
4396
4400
4401
2937
2938
2935
2936
2937
2937
2941
2942
2940
2942
2940
2943
4410
4414
4415
2944
2945
2942
2943
2944
2944
2948
2949
2947
2949
2947
2950
4424
4428
4429
2951
2952
2949
2950
2951
2951
2955
2956
2954
2956
2954
2957
4438
4442
4443
2958
2959
2956
2957
2958
2958
2962
2963
2961
2963
2961
2964
4452
4456
4457
2965
2966
2963
2964
2965
2965
2969
2970
2968
2970
2968
2971
4466
4470
4471
2972
2973
2970
2971
2972
2972
2976
2977
2975
2977
2975
2978
4480
4484
4485
5842
2979
5878
2977
2978
2979
2979
5879
5880
2981
2982
3589
3591
3593
2983
2984
2983
2992
3600
3601
3603
2986
2993
2985
2986
2987
2988
2987
2990
2989
2990
2991
2991
2993
2994
3611
3613
3615
2995
2995
3003
3622
3623
3625
3004
2998
3000
2998
3001
5844
3002
5857
3000
3001
3021
3022
3027
3002
3002
4508
4512
4513
5858
5859
3004
3005
3633
3635
3637
3006
3006
3034
3644
3645
3647
3035
3009
3011
3009
3012
3013
3014
3011
3012
3013
3038
3651
3653
3655
3013
3017
3039
3018
3040
3658
3659
3661
3016
3018
3016
3019
3020
3028
3018
3019
3020
3679
3681
3683
3020
3029
3030
3686
3687
3689
3024
3027
3666
3025
3027
4508
3024
3025
3667
5719
5720
5721
3026
3670
3026
4510
5722
5723
5724
3027
4511
4513
3030
3030
3692
3033
4509
5691
5694
5695
3033
4512
5850
5858
4514
5850
3035
3036
3700
3702
3704
3037
3037
3055
3711
3712
3714
3056
3040
3042
3047
3048
3051
3040
3043
3044
3042
3043
3044
3059
3722
3724
3726
3044
3060
3061
3049
3050
3051
3721
3049
3050
3652
4915
4916
4918
3049
3051
3653
3050
3051
3722
3656
3725
4921
4922
4925
3726
3054
3676
3054
5594
5596
3056
3057
3735
3737
3739
3058
3058
3087
3746
3747
3749
3088
3061
3063
3068
3069
3072
3061
3064
3065
3073
3753
3755
3757
3063
3064
3065
3065
3076
3077
3070
3071
3072
3752
3070
3071
3723
3070
3072
3724
3753
3071
3072
3727
3756
4964
4965
4967
3757
3075
3077
3082
3083
3086
3075
3078
3079
3077
3078
3079
3098
3764
3766
3768
3079
3099
3100
3771
3772
3774
3084
3085
3086
3763
3084
3085
3754
3084
3086
3085
3086
3755
3764
3758
3767
4985
4986
4988
3768
3088
3089
3782
3784
3786
3090
3090
3118
3793
3794
3796
3119
3093
3095
3093
3096
3106
3109
3111
4554
4557
4559
3097
3095
3096
3097
3097
3100
3102
3100
3103
3104
3112
3800
3802
3804
3102
3103
3104
3104
3113
3114
3107
3110
5735
5738
5739
3107
3111
3108
3110
3111
3110
3111
3114
3116
5882
5884
3114
3117
3801
5041
5042
5044
5883
3117
3802
5884
3805
5881
3119
3120
3818
3820
3822
3121
3121
3129
3829
3830
3832
3130
3124
3126
3124
3127
3128
3808
3809
3812
3126
3127
3128
3128
3130
3131
3840
3842
3844
3132
3132
3133
3851
3852
3854
3134
3134
3135
3862
3864
3866
3136
3136
3137
3873
3874
3876
3138
3138
3139
3884
3886
3888
3140
3140
3141
3895
3896
3898
3142
3142
3143
3906
3908
3910
3144
3145
3144
3917
3918
3920
3939
3940
3942
3147
3946
3947
3949
3146
3147
3148
3149
3148
3957
3958
3960
3151
3964
3965
3967
3150
3151
3152
3152
3973
3974
3976
3980
3981
5748
5810
3155
3157
3155
3158
3159
3160
3157
3158
3274
3275
3277
3159
3159
3163
3999
4000
4002
3164
3162
3164
3162
3165
3166
3167
3164
3165
3288
3289
3291
3166
3166
3170
4014
4015
4017
3171
3169
3171
3169
3172
3173
3174
3171
3172
3302
3303
3305
3173
3173
3177
4029
4030
4032
3178
3176
3178
3176
3179
3180
3181
3178
3179
3316
3317
3319
3180
3180
3184
4044
4045
4047
3185
3183
3185
3183
3186
3187
3188
3185
3186
3330
3331
3333
3187
3187
3191
4059
4060
4062
3192
3190
3192
3190
3193
3194
3195
3192
3193
3344
3345
3347
3194
3194
3198
4074
4075
4077
3199
3197
3199
3197
3200
3201
3202
3199
3200
3358
3359
3361
3201
3201
3205
4089
4090
4092
3206
3204
3206
3204
3207
3208
3209
3206
3207
3372
3373
3375
3208
3208
3212
4104
4105
4107
3213
3211
3213
3211
3214
3215
3216
3213
3214
3386
3387
3389
3215
3215
3219
4119
4120
4122
3220
3218
3220
3218
3221
3222
3223
3220
3221
3400
3401
3403
3222
3222
3226
4134
4135
4137
3227
3225
3227
3225
3228
3229
3230
3227
3228
3414
3415
3417
3229
3229
3233
4149
4150
4152
3234
3232
3234
3232
3235
3236
3237
3234
3235
3428
3429
3431
3236
3236
3240
4164
4165
4167
3241
3239
3241
3239
3242
3243
3244
3241
3242
3442
3443
3445
3243
3243
3247
4179
4180
4182
3248
3246
3248
3246
3249
3250
3251
3248
3249
3456
3457
3459
3250
3250
3252
4194
4195
4197
3253
3253
3253
3469
5886
5887
3256
3257
3934
3938
5099
3256
3257
3924
3939
3936
3942
3926
3943
5102
3260
3261
3952
3956
5111
3260
3261
3935
3957
3954
3960
3937
3961
5114
3264
3265
3970
3972
5123
3264
3265
3953
3973
3971
3976
3955
3977
5126
3270
3271
3272
3983
3270
3271
3270
3272
3984
3271
3272
5134
5135
5137
3987
3988
5140
5141
5144
3277
3278
3279
3998
3277
3278
3985
3277
3279
3999
3278
3279
3986
5162
5163
5165
4002
3989
4003
5168
5169
5172
3282
3284
3282
3285
3286
3294
3284
3285
4006
4008
3286
3286
3297
4010
4011
3298
3291
3292
3293
4013
3291
3292
4000
3291
3293
4014
3292
3293
4001
5190
5191
5193
4017
4004
4018
5196
5197
5200
3296
3298
3296
3299
3300
3308
3298
3299
4021
4023
3300
3300
3311
4025
4026
3312
3305
3306
3307
4028
3305
3306
4015
3305
3307
4029
3306
3307
4016
5218
5219
5221
4032
4019
4033
5224
5225
5228
3310
3312
3310
3313
3314
3322
3312
3313
4036
4038
3314
3314
3325
4040
4041
3326
3319
3320
3321
4043
3319
3320
4030
3319
3321
4044
3320
3321
4031
5246
5247
5249
4047
4034
4048
5252
5253
5256
3324
3326
3324
3327
3328
3336
3326
3327
4051
4053
3328
3328
3339
4055
4056
3340
3333
3334
3335
4058
3333
3334
4045
3333
3335
4059
3334
3335
4046
5274
5275
5277
4062
4049
4063
5280
5281
5284
3338
3340
3338
3341
3342
3350
3340
3341
4066
4068
3342
3342
3353
4070
4071
3354
3347
3348
3349
4073
3347
3348
4060
3347
3349
4074
3348
3349
4061
5302
5303
5305
4077
4064
4078
5308
5309
5312
3352
3354
3352
3355
3356
3364
3354
3355
4081
4083
3356
3356
3367
4085
4086
3368
3361
3362
3363
4088
3361
3362
4075
3361
3363
4089
3362
3363
4076
5330
5331
5333
4092
4079
4093
5336
5337
5340
3366
3368
3366
3369
3370
3378
3368
3369
4096
4098
3370
3370
3381
4100
4101
3382
3375
3376
3377
4103
3375
3376
4090
3375
3377
4104
3376
3377
4091
5358
5359
5361
4107
4094
4108
5364
5365
5368
3380
3382
3380
3383
3384
3392
3382
3383
4111
4113
3384
3384
3395
4115
4116
3396
3389
3390
3391
4118
3389
3390
4105
3389
3391
4119
3390
3391
4106
5386
5387
5389
4122
4109
4123
5392
5393
5396
3394
3396
3394
3397
3398
3406
3396
3397
4126
4128
3398
3398
3409
4130
4131
3410
3403
3404
3405
4133
3403
3404
4120
3403
3405
4134
3404
3405
4121
5414
5415
5417
4137
4124
4138
5420
5421
5424
3408
3410
3408
3411
3412
3420
3410
3411
4141
4143
3412
3412
3423
4145
4146
3424
3417
3418
3419
4148
3417
3418
4135
3417
3419
4149
3418
3419
4136
5442
5443
5445
4152
4139
4153
5448
5449
5452
3422
3424
3422
3425
3426
3434
3424
3425
4156
4158
3426
3426
3437
4160
4161
3438
3431
3432
3433
4163
3431
3432
4150
3431
3433
4164
3432
3433
4151
5470
5471
5473
4167
4154
4168
5476
5477
5480
3436
3438
3436
3439
3440
3448
3438
3439
4171
4173
3440
3440
3451
4175
4176
3452
3445
3446
3447
4178
3445
3446
4165
3445
3447
4179
3446
3447
4166
5498
5499
5501
4182
4169
4183
5504
5505
5508
3450
3452
3450
3453
3454
3462
3452
3453
4186
4188
3454
3454
3465
4190
4191
3466
3459
3460
3461
4193
3459
3460
4180
3459
3461
4194
3460
3461
4181
5526
5527
5529
4197
4184
4198
5532
5533
5536
3464
3466
3464
3467
3468
3472
3466
3467
4201
4203
3468
3468
3473
4205
4206
3474
3471
4195
5887
3471
4196
5554
5555
5557
5888
4199
5885
3474
3474
4208
5890
3477
4277
4616
3477
3478
4278
5560
3480
4280
4618
3480
4284
3480
3481
4285
4622
4286
4625
3483
4291
4628
3483
3484
4292
3486
4293
4630
3486
4298
3486
3487
4299
4634
4300
4637
3489
4305
4640
3489
3490
4306
3492
4307
4642
3492
4312
3492
3493
4313
4646
4314
4649
3495
4319
4652
3495
3496
4320
3498
4321
4654
3498
4326
3498
3499
4327
4658
4328
4661
3501
4333
4664
3501
3502
4334
3504
4335
4666
3504
4340
3504
3505
4341
4670
4342
4673
3507
4347
4676
3507
3508
4348
3510
4349
4678
3510
4354
3510
3511
4355
4682
4356
4685
3513
4361
4688
3513
3514
4362
3516
4363
4690
3516
4368
3516
3517
4369
4694
4370
4697
3519
4375
4700
3519
3520
4376
3522
4377
4702
3522
4382
3522
3523
4383
4706
4384
4709
3525
4389
4712
3525
3526
4390
3528
4391
4714
3528
4396
3528
3529
4397
4718
4398
4721
3531
4403
4724
3531
3532
4404
3534
4405
4726
3534
4410
3534
3535
4411
4730
4412
4733
3537
4417
4736
3537
3538
4418
3540
4419
4738
3540
4424
3540
3541
4425
4742
4426
4745
3543
4431
4748
3543
3544
4432
3546
4433
4750
3546
4438
3546
3547
4439
4754
4440
4757
3549
4445
4760
3549
3550
4446
3552
4447
4762
3552
4452
3552
3553
4453
4766
4454
4769
3555
4459
4772
3555
3556
4460
3558
4461
4774
3558
4466
3558
3559
4467
4778
4468
4781
3561
4473
4784
3561
3562
4474
3564
4475
4786
3564
4480
3564
3565
4481
4790
4482
4793
4487
4796
3570
3571
3572
3577
3570
3571
4216
5625
5626
5627
5664
5665
5666
3570
3572
4277
3571
3572
3578
4218
4279
5628
5629
5630
5667
5668
5669
3581
4220
3582
4281
3575
3576
3577
4799
3575
3576
3579
3585
4230
3581
4231
3583
3586
4801
3581
3582
3583
3581
3582
3581
3583
3589
3582
3583
3590
3592
3586
3587
3588
3595
4490
3586
3587
3589
3592
4493
3593
3597
3592
3593
3594
3599
3592
3593
3592
3594
3593
3594
3600
3603
3604
3597
3598
3599
4805
3597
3598
3601
3607
3603
3605
3608
4807
3603
3604
3605
3603
3604
3603
3605
3611
3604
3605
3612
3614
3608
3609
3610
3617
4496
3608
3609
3611
3614
4499
3615
3619
3614
3615
3616
3621
3614
3615
3614
3616
3615
3616
3622
3625
3626
3619
3620
3621
4811
3619
3620
3623
3629
3625
3627
3630
4813
3625
3626
3627
3625
3626
3625
3627
3633
3626
3627
3634
3636
3630
3631
3632
3639
4502
3630
3631
3633
3636
4505
3637
3641
3636
3637
3638
3643
3636
3637
3636
3638
3637
3638
3644
3647
3648
3641
3642
3643
4817
3641
3642
3645
3696
3647
3649
3697
4819
3647
3648
3649
3647
3648
3647
3649
3700
3648
3649
3701
3703
3654
3655
3656
3657
4823
4825
4827
3654
3655
3654
3656
4831
4832
4834
3655
3656
3659
4837
4839
4842
3661
3663
3661
3662
3663
4845
4846
4849
3661
3662
3679
3661
3663
3662
3663
3680
3682
4851
4853
4855
3668
3669
3670
3671
3668
3669
3668
3670
3672
3669
3670
5670
5671
5672
3673
5673
5674
5675
3674
3673
3674
5803
3673
3674
5743
5801
5802
3677
3677
4860
4862
3682
3683
3684
3685
4873
4875
4877
3682
3683
3682
3684
3683
3684
3687
4880
4882
4885
3689
3691
3689
3690
3691
4888
4889
4892
3689
3690
3692
3689
3691
3690
3691
3693
3694
4894
4896
4898
3694
3694
4901
4903
4906
3697
3698
3699
3706
4515
3697
3698
3700
3703
4518
3704
3708
3703
3704
3705
3710
3703
3704
3703
3705
3704
3705
3711
3714
3715
3708
3709
3710
4908
3708
3709
3712
3731
3714
3716
3732
4910
3714
3715
3716
3714
3715
3714
3716
3735
3715
3716
3736
3738
3719
3720
3719
3720
4532
4534
3725
3726
3727
3725
3726
3725
3727
4929
4930
4932
3726
3727
4935
4937
4940
4942
4943
4945
3729
4528
4869
5745
4529
4954
5807
3732
3733
3734
3741
4546
3732
3733
3735
3738
4549
3739
3743
3738
3739
3740
3745
3738
3739
3738
3740
3739
3740
3746
3749
3750
3743
3744
3745
4958
3743
3744
3747
3778
3749
3751
3779
4960
3749
3750
3751
3749
3750
3749
3751
3782
3750
3751
3783
3785
3756
3757
3758
3756
3757
3756
3758
3757
3758
4971
4973
4976
4978
4979
4981
3761
3762
3761
3762
4563
4564
3767
3768
3769
3770
4992
4994
4996
3767
3768
3767
3769
3768
3769
3772
4999
5001
5004
3774
3776
5006
5007
5009
3774
3775
3776
3774
3775
3774
3776
3800
3775
3776
3801
3803
5013
5015
5017
3779
3780
3781
3788
4565
3779
3780
3782
3785
4568
3786
3790
3785
3786
3787
3792
3785
3786
3785
3787
3786
3787
3793
3796
3797
3790
3791
3792
5020
3790
3791
3794
3814
3796
3798
3815
5022
3796
3797
3798
3796
3797
3796
3798
3818
3797
3798
3819
3821
3803
3804
3805
3803
3804
3803
3805
5027
5028
5030
3804
3805
3810
3811
3812
3810
3811
5034
5035
5037
3810
3812
3811
3812
3815
3816
3817
3824
4573
3815
3816
3818
3821
4576
3822
3826
3821
3822
3823
3828
3821
3822
3821
3823
3822
3823
3829
3832
3833
3826
3827
3828
5047
3826
3827
3830
3836
3832
3834
3837
5049
3832
3833
3834
3832
3833
3832
3834
3840
3833
3834
3841
3843
3837
3838
3839
3846
4579
3837
3838
3840
3843
4582
3844
3848
3843
3844
3845
3850
3843
3844
3843
3845
3844
3845
3851
3854
3855
3848
3849
3850
5053
3848
3849
3852
3858
3854
3856
3859
5055
3854
3855
3856
3854
3855
3854
3856
3862
3855
3856
3863
3865
3859
3860
3861
3868
4585
3859
3860
3862
3865
4588
3866
3870
3865
3866
3867
3872
3865
3866
3865
3867
3866
3867
3873
3876
3877
3870
3871
3872
5059
3870
3871
3874
3880
3876
3878
3881
5061
3876
3877
3878
3876
3877
3876
3878
3884
3877
3878
3885
3887
3881
3882
3883
3890
4591
3881
3882
3884
3887
4594
3888
3892
3887
3888
3889
3894
3887
3888
3887
3889
3888
3889
3895
3898
3899
3892
3893
3894
5065
3892
3893
3896
3902
3898
3900
3903
5067
3898
3899
3900
3898
3899
3898
3900
3906
3899
3900
3907
3909
3903
3904
3905
3912
4597
3903
3904
3906
3909
4600
3910
3914
3909
3910
3911
3916
3909
3910
3909
3911
3910
3911
3917
3920
3921
3914
3915
3916
5071
3914
3915
3918
3924
3920
3922
3925
5073
3920
3921
3922
3920
3921
3920
3922
3928
3921
3922
3929
3931
3925
3926
3927
4603
5079
3925
3926
3928
3931
4606
3932
5082
3931
3932
3933
3931
3932
3939
3931
3933
3932
3933
3941
3943
3936
3937
3945
5105
3936
3937
3946
3949
3950
5108
3942
3943
3944
3945
3942
3943
3942
3944
3947
3943
3944
3949
3951
3949
3950
3951
3949
3950
3957
3949
3951
3950
3951
3959
3961
3954
3955
3963
5117
3954
3955
3964
3967
3968
5120
3960
3961
3962
3963
3960
3961
3960
3962
3965
3961
3962
3967
3969
3967
3968
3969
3967
3968
3973
3967
3969
3968
3969
3975
3977
3971
3979
5130
5809
3981
5808
3976
3977
3978
3979
3976
3977
3976
3978
3980
3977
3978
3981
3982
3981
3982
5812
3981
3982
5748
5810
5811
3987
3988
3989
3987
3988
3987
3989
3988
3989
5148
5149
5151
5154
5155
5158
3992
3993
3994
3992
3993
5603
3996
5605
3996
3997
3996
3997
4006
4007
4002
4003
4004
4002
4003
4002
4004
4003
4004
5176
5177
5179
5182
5183
5186
4007
4008
4009
4007
4008
4011
4011
4012
4011
4012
4021
4022
4017
4018
4019
4017
4018
4017
4019
4018
4019
5204
5205
5207
5210
5211
5214
4022
4023
4024
4022
4023
4026
4026
4027
4026
4027
4036
4037
4032
4033
4034
4032
4033
4032
4034
4033
4034
5232
5233
5235
5238
5239
5242
4037
4038
4039
4037
4038
4041
4041
4042
4041
4042
4051
4052
4047
4048
4049
4047
4048
4047
4049
4048
4049
5260
5261
5263
5266
5267
5270
4052
4053
4054
4052
4053
4056
4056
4057
4056
4057
4066
4067
4062
4063
4064
4062
4063
4062
4064
4063
4064
5288
5289
5291
5294
5295
5298
4067
4068
4069
4067
4068
4071
4071
4072
4071
4072
4081
4082
4077
4078
4079
4077
4078
4077
4079
4078
4079
5316
5317
5319
5322
5323
5326
4082
4083
4084
4082
4083
4086
4086
4087
4086
4087
4096
4097
4092
4093
4094
4092
4093
4092
4094
4093
4094
5344
5345
5347
5350
5351
5354
4097
4098
4099
4097
4098
4101
4101
4102
4101
4102
4111
4112
4107
4108
4109
4107
4108
4107
4109
4108
4109
5372
5373
5375
5378
5379
5382
4112
4113
4114
4112
4113
4116
4116
4117
4116
4117
4126
4127
4122
4123
4124
4122
4123
4122
4124
4123
4124
5400
5401
5403
5406
5407
5410
4127
4128
4129
4127
4128
4131
4131
4132
4131
4132
4141
4142
4137
4138
4139
4137
4138
4137
4139
4138
4139
5428
5429
5431
5434
5435
5438
4142
4143
4144
4142
4143
4146
4146
4147
4146
4147
4156
4157
4152
4153
4154
4152
4153
4152
4154
4153
4154
5456
5457
5459
5462
5463
5466
4157
4158
4159
4157
4158
4161
4161
4162
4161
4162
4171
4172
4167
4168
4169
4167
4168
4167
4169
4168
4169
5484
5485
5487
5490
5491
5494
4172
4173
4174
4172
4173
4176
4176
4177
4176
4177
4186
4187
4182
4183
4184
4182
4183
4182
4184
4183
4184
5512
5513
5515
5518
5519
5522
4187
4188
4189
4187
4188
4191
4191
4192
4191
4192
4201
4202
4197
4198
4199
4197
4198
4197
4199
4198
4199
5540
5541
5543
5546
5547
5550
4202
4203
4204
4202
4203
4206
4206
4207
4206
4207
4208
4209
4209
5890
5889
4212
4213
4212
4798
4215
4215
5667
4215
4219
4220
5576
5577
5578
5631
5632
5633
4219
4222
4224
4220
4222
4221
4225
5579
5580
5581
5634
5635
5636
4221
4222
4226
4229
4225
4228
4238
5637
5638
5639
5704
5705
5706
4225
4229
4226
5640
5641
5642
5707
5708
5709
4228
4229
4228
4229
4242
4243
4231
4233
4232
4233
4234
4237
4236
4237
4236
4237
4253
4254
4240
4243
5582
5583
5584
5643
5644
5645
4240
4244
4246
4241
4247
5585
5586
5587
5646
5647
5648
4243
4244
4248
4243
4244
4251
4247
4250
4260
5649
5650
5651
5710
5711
5712
4247
4251
4248
5652
5653
5654
5713
5714
5715
4250
4251
4250
4251
4264
4265
4254
4255
4256
4254
4255
4259
4258
4259
4258
4259
4272
4273
4262
4265
5588
5589
5590
5655
5656
5657
4262
4266
4267
4263
4268
5591
5592
5593
5658
5659
5660
4265
4266
4269
4265
4266
4270
4268
4270
5749
4269
5661
5662
5663
5716
5717
5718
5813
4270
5815
5814
4273
4274
4275
4273
4274
4276
4276
5817
5816
4280
4281
4280
4283
4284
4281
4283
4282
4286
4282
4283
4287
4289
4286
4289
4286
4290
4291
4287
4289
4290
4289
4290
4295
4296
4293
4296
4293
4297
4298
4294
4300
4296
4297
4301
4296
4297
4303
4300
4303
4300
4304
4305
4301
4303
4304
4303
4304
4309
4310
4307
4310
4307
4311
4312
4308
4314
4310
4311
4315
4310
4311
4317
4314
4317
4314
4318
4319
4315
4317
4318
4317
4318
4323
4324
4321
4324
4321
4325
4326
4322
4328
4324
4325
4329
4324
4325
4331
4328
4331
4328
4332
4333
4329
4331
4332
4331
4332
4337
4338
4335
4338
4335
4339
4340
4336
4342
4338
4339
4343
4338
4339
4345
4342
4345
4342
4346
4347
4343
4345
4346
4345
4346
4351
4352
4349
4352
4349
4353
4354
4350
4356
4352
4353
4357
4352
4353
4359
4356
4359
4356
4360
4361
4357
4359
4360
4359
4360
4365
4366
4363
4366
4363
4367
4368
4364
4370
4366
4367
4371
4366
4367
4373
4370
4373
4370
4374
4375
4371
4373
4374
4373
4374
4379
4380
4377
4380
4377
4381
4382
4378
4384
4380
4381
4385
4380
4381
4387
4384
4387
4384
4388
4389
4385
4387
4388
4387
4388
4393
4394
4391
4394
4391
4395
4396
4392
4398
4394
4395
4399
4394
4395
4401
4398
4401
4398
4402
4403
4399
4401
4402
4401
4402
4407
4408
4405
4408
4405
4409
4410
4406
4412
4408
4409
4413
4408
4409
4415
4412
4415
4412
4416
4417
4413
4415
4416
4415
4416
4421
4422
4419
4422
4419
4423
4424
4420
4426
4422
4423
4427
4422
4423
4429
4426
4429
4426
4430
4431
4427
4429
4430
4429
4430
4435
4436
4433
4436
4433
4437
4438
4434
4440
4436
4437
4441
4436
4437
4443
4440
4443
4440
4444
4445
4441
4443
4444
4443
4444
4449
4450
4447
4450
4447
4451
4452
4448
4454
4450
4451
4455
4450
4451
4457
4454
4457
4454
4458
4459
4455
4457
4458
4457
4458
4463
4464
4461
4464
4461
4465
4466
4462
4468
4464
4465
4469
4464
4465
4471
4468
4471
4468
4472
4473
4469
4471
4472
4471
4472
4477
4478
4475
4478
4475
4479
4480
4476
4482
4478
4479
4483
4478
4479
4485
4482
4485
4482
4486
4487
4483
4485
4486
4485
4486
4488
4489
4489
4489
5842
5846
5846
4492
4493
4492
4804
4495
4495
4495
4802
4498
4499
4498
4810
4501
4501
4501
4808
4504
4505
4504
4816
4507
4507
4507
4814
4510
4513
4510
4514
5676
5680
5682
4511
5684
5687
5689
5725
4513
4514
4513
4514
4517
4518
4517
4907
4520
4520
4520
4820
4523
4526
4528
4523
4527
5594
5595
5596
4524
4529
4526
4527
4530
4526
4527
4531
4529
4531
5751
4530
5818
4531
5820
5819
4533
4534
4535
4537
4535
4541
4538
4543
4537
4539
4544
4538
4539
4545
4541
4542
4543
4543
4545
4548
4549
4548
4957
4551
4551
4551
4911
5821
4555
4558
5697
5698
5703
5728
5729
5730
5733
5734
4555
4559
4556
4558
4559
4558
4559
4561
4562
5754
5822
5823
4564
4567
4568
4567
5019
4570
4570
4570
4961
4572
4575
4576
4575
5046
4578
4578
4578
5023
4581
4582
4581
5052
4584
4584
4584
5050
4587
4588
4587
5058
4590
4590
4590
5056
4593
4594
4593
5064
4596
4596
4596
5062
4599
4600
4599
5070
4602
4602
4602
5068
4605
4606
4605
5076
4608
4608
4608
5074
4611
4615
4611
4613
4614
4614
4614
5629
4617
4617
4618
4620
4620
4620
4624
4623
4627
4623
4625
4626
4626
4626
4629
4629
4630
4632
4632
4632
4636
4635
4639
4635
4637
4638
4638
4638
4641
4641
4642
4644
4644
4644
4648
4647
4651
4647
4649
4650
4650
4650
4653
4653
4654
4656
4656
4656
4660
4659
4663
4659
4661
4662
4662
4662
4665
4665
4666
4668
4668
4668
4672
4671
4675
4671
4673
4674
4674
4674
4677
4677
4678
4680
4680
4680
4684
4683
4687
4683
4685
4686
4686
4686
4689
4689
4690
4692
4692
4692
4696
4695
4699
4695
4697
4698
4698
4698
4701
4701
4702
4704
4704
4704
4708
4707
4711
4707
4709
4710
4710
4710
4713
4713
4714
4716
4716
4716
4720
4719
4723
4719
4721
4722
4722
4722
4725
4725
4726
4728
4728
4728
4732
4731
4735
4731
4733
4734
4734
4734
4737
4737
4738
4740
4740
4740
4744
4743
4747
4743
4745
4746
4746
4746
4749
4749
4750
4752
4752
4752
4756
4755
4759
4755
4757
4758
4758
4758
4761
4761
4762
4764
4764
4764
4768
4767
4771
4767
4769
4770
4770
4770
4773
4773
4774
4776
4776
4776
4780
4779
4783
4779
4781
4782
4782
4782
4785
4785
4786
4788
4788
4788
4792
4791
4795
4791
4793
4794
4794
4794
4797
4797
5891
5892
4800
4800
4801
4803
4803
4803
4806
4806
4807
4809
4809
4809
4812
4812
4813
4815
4815
4815
4818
4818
4819
4821
4821
4821
4826
4827
4828
4836
4826
4827
4837
4826
4828
4844
4827
4828
4846
4841
4842
4848
4833
4834
4835
4836
4833
4835
4914
4833
4834
4839
4834
4835
4915
4840
4842
4919
4840
4841
4842
4841
4842
4840
4841
4840
4842
4847
4848
4849
4850
4847
4848
4847
4849
4851
4848
4849
4854
4855
4854
4855
4856
4854
4855
4854
4856
4881
4855
4856
4882
4883
4859
4866
4859
4863
4865
4862
4862
4870
4865
5673
4865
4868
4868
5824
5826
4871
5805
4871
5806
4876
4877
4878
4879
4876
4877
4880
4876
4878
4887
4877
4878
4889
4884
4885
4891
4883
4884
4885
4884
4885
4883
4884
4883
4885
4890
4891
4892
4893
4890
4891
4890
4892
4894
4891
4892
4897
4898
4897
4898
4899
4897
4898
4897
4899
4902
4898
4899
4903
4904
4904
4905
4906
5893
4905
4906
5894
4904
4905
4904
4906
5895
5896
4909
4909
4910
4912
4912
4912
4917
4918
4919
4920
4917
4919
4918
4919
4917
4918
4922
4924
4925
4924
4925
4926
4925
4926
4935
4924
4925
4924
4926
4936
4939
4931
4932
4933
4934
4941
4931
4933
4931
4932
4937
4932
4933
4943
4938
4940
4945
4947
4938
4939
4940
4939
4940
4938
4939
4938
4940
4945
4946
4947
4945
4946
4945
4947
4965
4946
4947
4966
4968
4950
4950
4951
5595
4953
4953
4953
4955
4956
5828
4956
5829
4959
4959
4960
4962
4962
4962
4967
4968
4969
4967
4969
4971
4967
4968
4968
4969
4972
4975
4974
4975
4976
4975
4976
4974
4975
4974
4976
4981
4982
4983
4981
4982
4981
4983
4986
4982
4983
4987
4989
4988
4989
4990
4988
4990
4999
4988
4989
4989
4990
5000
5003
4995
4996
4997
4998
5005
4995
4996
4999
4995
4997
4996
4997
5006
5003
5004
5009
5010
5002
5003
5004
5003
5004
5002
5003
5002
5004
5009
5010
5011
5009
5010
5013
5009
5011
5010
5011
5014
5016
5016
5017
5018
5016
5017
5016
5018
5017
5018
5021
5021
5022
5024
5024
5024
5029
5030
5031
5029
5031
5040
5029
5030
5030
5031
5042
5045
5036
5037
5038
5036
5038
5036
5037
5037
5038
5043
5044
5045
5854
5043
5045
5043
5044
5854
5044
5045
5854
5854
5048
5048
5049
5051
5051
5051
5054
5054
5055
5057
5057
5057
5060
5060
5061
5063
5063
5063
5066
5066
5067
5069
5069
5069
5072
5072
5073
5075
5075
5075
5078
5078
5080
5081
5082
5081
5084
5084
5084
5103
5089
5090
5091
5092
5089
5091
5133
5089
5090
5094
5090
5091
5134
5096
5097
5138
5096
5097
5098
5097
5098
5096
5097
5096
5098
5101
5102
5101
5106
5104
5104
5104
5107
5108
5107
5110
5110
5110
5115
5113
5114
5113
5118
5116
5116
5116
5119
5120
5119
5122
5122
5122
5127
5125
5126
5125
5129
5128
5128
5128
5131
5131
5830
5832
5136
5137
5138
5139
5136
5138
5137
5138
5136
5137
5141
5143
5144
5143
5144
5145
5144
5145
5154
5143
5144
5143
5145
5156
5159
5150
5151
5152
5153
5150
5152
5161
5150
5151
5155
5151
5152
5162
5157
5158
5166
5157
5158
5159
5158
5159
5157
5158
5157
5159
5164
5165
5166
5167
5164
5166
5165
5166
5164
5165
5169
5171
5172
5171
5172
5173
5172
5173
5182
5171
5172
5171
5173
5184
5187
5178
5179
5180
5181
5178
5180
5189
5178
5179
5183
5179
5180
5190
5185
5186
5194
5185
5186
5187
5186
5187
5185
5186
5185
5187
5192
5193
5194
5195
5192
5194
5193
5194
5192
5193
5197
5199
5200
5199
5200
5201
5200
5201
5210
5199
5200
5199
5201
5212
5215
5206
5207
5208
5209
5206
5208
5217
5206
5207
5211
5207
5208
5218
5213
5214
5222
5213
5214
5215
5214
5215
5213
5214
5213
5215
5220
5221
5222
5223
5220
5222
5221
5222
5220
5221
5225
5227
5228
5227
5228
5229
5228
5229
5238
5227
5228
5227
5229
5240
5243
5234
5235
5236
5237
5234
5236
5245
5234
5235
5239
5235
5236
5246
5241
5242
5250
5241
5242
5243
5242
5243
5241
5242
5241
5243
5248
5249
5250
5251
5248
5250
5249
5250
5248
5249
5253
5255
5256
5255
5256
5257
5256
5257
5266
5255
5256
5255
5257
5268
5271
5262
5263
5264
5265
5262
5264
5273
5262
5263
5267
5263
5264
5274
5269
5270
5278
5269
5270
5271
5270
5271
5269
5270
5269
5271
5276
5277
5278
5279
5276
5278
5277
5278
5276
5277
5281
5283
5284
5283
5284
5285
5284
5285
5294
5283
5284
5283
5285
5296
5299
5290
5291
5292
5293
5290
5292
5301
5290
5291
5295
5291
5292
5302
5297
5298
5306
5297
5298
5299
5298
5299
5297
5298
5297
5299
5304
5305
5306
5307
5304
5306
5305
5306
5304
5305
5309
5311
5312
5311
5312
5313
5312
5313
5322
5311
5312
5311
5313
5324
5327
5318
5319
5320
5321
5318
5320
5329
5318
5319
5323
5319
5320
5330
5325
5326
5334
5325
5326
5327
5326
5327
5325
5326
5325
5327
5332
5333
5334
5335
5332
5334
5333
5334
5332
5333
5337
5339
5340
5339
5340
5341
5340
5341
5350
5339
5340
5339
5341
5352
5355
5346
5347
5348
5349
5346
5348
5357
5346
5347
5351
5347
5348
5358
5353
5354
5362
5353
5354
5355
5354
5355
5353
5354
5353
5355
5360
5361
5362
5363
5360
5362
5361
5362
5360
5361
5365
5367
5368
5367
5368
5369
5368
5369
5378
5367
5368
5367
5369
5380
5383
5374
5375
5376
5377
5374
5376
5385
5374
5375
5379
5375
5376
5386
5381
5382
5390
5381
5382
5383
5382
5383
5381
5382
5381
5383
5388
5389
5390
5391
5388
5390
5389
5390
5388
5389
5393
5395
5396
5395
5396
5397
5396
5397
5406
5395
5396
5395
5397
5408
5411
5402
5403
5404
5405
5402
5404
5413
5402
5403
5407
5403
5404
5414
5409
5410
5418
5409
5410
5411
5410
5411
5409
5410
5409
5411
5416
5417
5418
5419
5416
5418
5417
5418
5416
5417
5421
5423
5424
5423
5424
5425
5424
5425
5434
5423
5424
5423
5425
5436
5439
5430
5431
5432
5433
5430
5432
5441
5430
5431
5435
5431
5432
5442
5437
5438
5446
5437
5438
5439
5438
5439
5437
5438
5437
5439
5444
5445
5446
5447
5444
5446
5445
5446
5444
5445
5449
5451
5452
5451
5452
5453
5452
5453
5462
5451
5452
5451
5453
5464
5467
5458
5459
5460
5461
5458
5460
5469
5458
5459
5463
5459
5460
5470
5465
5466
5474
5465
5466
5467
5466
5467
5465
5466
5465
5467
5472
5473
5474
5475
5472
5474
5473
5474
5472
5473
5477
5479
5480
5479
5480
5481
5480
5481
5490
5479
5480
5479
5481
5492
5495
5486
5487
5488
5489
5486
5488
5497
5486
5487
5491
5487
5488
5498
5493
5494
5502
5493
5494
5495
5494
5495
5493
5494
5493
5495
5500
5501
5502
5503
5500
5502
5501
5502
5500
5501
5505
5507
5508
5507
5508
5509
5508
5509
5518
5507
5508
5507
5509
5520
5523
5514
5515
5516
5517
5514
5516
5525
5514
5515
5519
5515
5516
5526
5521
5522
5530
5521
5522
5523
5522
5523
5521
5522
5521
5523
5528
5529
5530
5531
5528
5530
5529
5530
5528
5529
5533
5535
5536
5535
5536
5537
5536
5537
5546
5535
5536
5535
5537
5548
5551
5542
5543
5544
5545
5542
5544
5553
5542
5543
5547
5543
5544
5554
5549
5550
5558
5549
5550
5551
5550
5551
5549
5550
5549
5551
5556
5557
5558
5897
5556
5558
5557
5558
5556
5557
5898
5899
5900
5561
5562
5561
5564
5564
5564
5566
5567
5568
5567
5570
5570
5570
5572
5573
5574
5573
5575
5575
5761
5833
5578
5579
5578
5665
5581
5581
5581
5708
5584
5585
5584
5705
5587
5587
5587
5714
5590
5591
5590
5711
5593
5593
5593
5717
5596
5596
5599
5600
5600
5602
5726
5601
5601
5602
5727
5604
5605
5606
5608
5606
5609
5608
5610
5611
5609
5610
5614
5612
5614
5613
5616
5614
5617
5616
5618
5619
5617
5618
5622
5620
5622
5621
5623
5622
5624
5624
5834
5835
5627
5628
5627
5632
5630
5630
5630
5633
5634
5633
5636
5636
5636
5641
5639
5640
5639
5644
5642
5642
5642
5645
5646
5645
5648
5648
5648
5653
5651
5652
5651
5656
5654
5654
5654
5657
5658
5657
5660
5660
5660
5662
5663
5836
5663
5838
5666
5668
5666
5669
5669
5669
5672
5674
5672
5720
5675
5675
5675
5678
5682
5684
5678
5681
5690
5679
5685
5681
5682
5686
5681
5682
5694
5696
5689
5685
5688
5685
5689
5686
5688
5689
5688
5689
5692
5696
5692
5695
5901
5693
5902
5695
5696
5903
5695
5696
5904
5701
5703
5700
5703
5700
5701
5702
5702
5703
5706
5707
5706
5709
5709
5709
5712
5713
5712
5715
5715
5715
5718
5839
5718
5841
5721
5722
5721
5724
5724
5724
5725
5727
5729
5731
5734
5732
5734
5734
5736
5739
5737
5739
5739
5740
5749
5761
5837
5838
5763
5764
5801
5802
5745
5750
5804
5805
5751
5805
5807
5752
5753
5766
5767
5768
5771
5906
5810
5811
5813
5814
5751
5776
5777
5804
5805
5806
5818
5819
5766
5767
5769
5779
5780
5767
5768
5770
5782
5783
5822
5823
5762
5774
5788
5764
5776
5789
5790
5791
5765
5824
5825
5779
5807
5827
5828
5771
5785
5795
5796
5797
5773
5809
5830
5831
5833
5813
5836
5837
5765
5801
5765
5790
5791
5793
5803
5824
5825
5826
5769
5827
5769
5770
5770
5829
5796
5797
5799
5907
5773
5811
5834
5812
5830
5831
5832
5813
5839
5840
5815
5817
5840
5841
5778
5789
5790
5792
5778
5819
5781
5818
5827
5828
5829
5781
5820
5784
5784
5821
5787
5795
5796
5798
5787
5836
5839
5792
5804
5792
5793
5793
5825
5806
5826
5798
5799
5800
5905
5798
5800
5798
5799
5799
5800
5905
5905
5905
5803
5803
5806
5806
5818
5828
5809
5810
5812
5830
5812
5812
5815
5836
5837
5838
5839
5840
5841
5815
5817
5820
5820
5826
5826
5829
5829
5832
5832
5835
5838
5838
5841
5841
5878
5879
5847
5848
5847
5857
5858
5846
5879
5849
5849
5858
5859
5852
5855
5864
5866
5875
5876
5854
5860
5874
5877
5881
5870
5883
5868
5905
5885
5889
5897
5900
5859
5859
5862
5863
5862
5863
5865
5866
5875
5877
5866
5867
5868
5866
5867
5869
5869
5907
5906
5871
5873
5892
5876
5877
5876
5877
5880
5880
5883
5884
5883
5884
5887
5888
5887
5888
5898
5900
5890
5892
5895
5896
5895
5896
5899
5900
5899
5900
5902
5904
5903
5904
5907
5907
)


// ************************************************************************* //
