/*--------------------------------*- C++ -*----------------------------------*\
| =========                 |                                                 |
| \\      /  F ield         | OpenFOAM: The Open Source CFD Toolbox           |
|  \\    /   O peration     | Version:  3.0.1                                 |
|   \\  /    A nd           | Web:      www.OpenFOAM.org                      |
|    \\/     M anipulation  |                                                 |
\*---------------------------------------------------------------------------*/
FoamFile
{
    version     2.0;
    format      ascii;
    class       labelList;
    note        "nPoints:10346  nCells:5894  nFaces:21648  nInternalFaces:17296";
    location    "constant/polyMesh";
    object      neighbour;
}
// * * * * * * * * * * * * * * * * * * * * * * * * * * * * * * * * * * * * * //


17296
(
1021
1641
2917
2918
2920
4375
4378
4379
5644
5645
5646
1025
1643
2917
2924
2925
2927
4397
4400
4402
5650
5651
5652
1029
1645
2924
2931
2932
2934
4419
4422
4424
5656
5657
5658
810
872
2931
2938
2939
2940
5
8
65
2918
2919
2922
2923
6
9
66
2925
2926
2929
2930
2946
2948
2950
2932
2945
2946
2948
814
1034
2945
2952
2953
2956
9
12
69
10
13
70
2960
2962
2964
2946
2959
2960
2962
818
1041
2959
2966
2967
2970
13
16
73
14
17
74
2974
2976
2978
2960
2973
2974
2976
822
1048
2973
2980
2981
2984
17
20
77
18
21
78
2988
2990
2992
2974
2987
2988
2990
826
1055
2987
2994
2995
2998
21
24
81
22
25
82
3002
3004
3006
2988
3001
3002
3004
830
1062
3001
3008
3009
3012
25
28
85
26
29
86
3016
3018
3020
3002
3015
3016
3018
834
1069
3015
3022
3023
3026
29
32
89
30
33
90
3030
3032
3034
3016
3029
3030
3032
838
1076
3029
3036
3037
3040
33
36
93
34
37
94
3044
3046
3048
3030
3043
3044
3046
842
1083
3043
3050
3051
3054
37
40
97
38
41
98
3058
3060
3062
3044
3057
3058
3060
846
1090
3057
3064
3065
3068
41
44
101
42
45
102
3072
3074
3076
3058
3071
3072
3074
850
1097
3071
3078
3079
3082
45
48
105
46
49
106
3086
3088
3090
3072
3085
3086
3088
854
1104
3085
3092
3093
3096
49
52
109
50
53
110
3100
3102
3104
3086
3099
3100
3102
858
1111
3099
3106
3107
3110
53
56
113
54
57
114
3114
3116
3118
3100
3113
3114
3116
862
1118
3113
3120
3121
3124
57
117
58
118
3128
3130
3132
3114
3127
3128
3130
866
1125
3127
3134
3135
3138
870
1132
3141
3142
5868
62
65
123
2920
2921
2922
2923
3144
3145
3146
3147
63
66
124
2927
2928
2929
2930
3148
3149
3150
3151
64
67
125
1664
1666
1668
2934
2935
2936
2937
3152
3153
3154
3155
876
1036
1663
1664
1666
3654
3655
3658
66
69
127
67
70
128
68
71
129
2948
2949
2950
2951
72
130
1043
1044
1045
1046
1664
1665
1668
1669
70
73
131
71
74
132
72
75
133
2962
2963
2964
2965
76
134
1050
1051
1052
1053
74
77
135
75
78
136
76
79
137
2976
2977
2978
2979
80
138
1057
1058
1059
1060
78
81
139
79
82
140
80
83
141
2990
2991
2992
2993
84
142
1064
1065
1066
1067
82
85
143
83
86
144
84
87
145
3004
3005
3006
3007
88
146
1071
1072
1073
1074
86
89
147
87
90
148
88
91
149
3018
3019
3020
3021
92
150
1078
1079
1080
1081
90
93
151
91
94
152
92
95
153
3032
3033
3034
3035
96
154
1085
1086
1087
1088
94
97
155
95
98
156
96
99
157
3046
3047
3048
3049
100
158
1092
1093
1094
1095
98
101
159
99
102
160
100
103
161
3060
3061
3062
3063
104
162
1099
1100
1101
1102
102
105
163
103
106
164
104
107
165
3074
3075
3076
3077
108
166
1106
1107
1108
1109
106
109
167
107
110
168
108
111
169
3088
3089
3090
3091
112
170
1113
1114
1115
1116
110
113
171
111
114
172
112
115
173
3102
3103
3104
3105
116
174
1120
1121
1122
1123
114
117
175
1677
1678
1679
115
118
176
1684
1685
1686
116
119
177
3116
3117
3118
3119
120
178
1127
1128
1129
1130
118
179
3168
3169
3170
119
180
1691
1692
1693
120
181
3130
3131
3132
3133
182
1134
1135
1136
1137
122
123
183
3146
3147
124
184
3150
3151
3160
3162
124
127
185
125
128
186
126
129
187
1671
1673
1675
3160
3161
3162
3163
880
1666
1670
1671
1673
3672
3673
3676
128
131
189
129
132
190
130
133
191
134
192
1671
1672
1675
1676
132
135
193
133
136
194
134
137
195
138
196
136
139
197
137
140
198
138
141
199
142
200
140
143
201
141
144
202
142
145
203
146
204
144
147
205
145
148
206
146
149
207
150
208
148
151
209
149
152
210
150
153
211
154
212
152
155
213
153
156
214
154
157
215
158
216
156
159
217
157
160
218
158
161
219
162
220
160
163
221
161
164
222
162
165
223
166
224
164
167
225
165
168
226
166
169
227
170
228
168
171
229
169
172
230
170
173
231
174
232
172
175
233
1139
1140
1141
1677
1680
1681
173
176
234
1146
1147
1148
1684
1687
1688
174
177
235
178
236
1677
1678
1680
1677
1684
1685
1687
178
181
239
1684
1686
1688
1690
3183
3184
3185
182
240
1678
3168
3169
3171
1685
1691
1692
1694
3168
182
243
1691
1693
1695
1697
3190
3191
3192
244
184
185
246
186
247
3175
3177
186
189
248
187
190
249
188
191
250
1699
1701
1703
3175
3176
3177
3178
884
1673
1698
1699
1701
3690
3691
3694
190
193
252
191
194
253
192
195
254
196
255
1699
1700
1703
1704
194
197
256
195
198
257
196
199
258
200
259
198
201
260
199
202
261
200
203
262
204
263
202
205
264
203
206
265
204
207
266
208
267
206
209
268
207
210
269
208
211
270
212
271
210
213
272
211
214
273
212
215
274
216
275
214
217
276
215
218
277
216
219
278
220
279
218
221
280
219
222
281
220
223
282
224
283
222
225
284
223
226
285
224
227
286
228
287
226
229
288
227
230
289
228
231
290
232
291
230
233
292
1139
1142
1143
231
234
293
1146
1149
1150
232
235
294
236
295
1139
1140
1142
1139
1146
1147
1149
236
239
298
1146
1148
1150
1152
3183
3186
3187
240
299
1140
1680
1706
1707
1708
888
1147
1687
1713
1714
1715
893
3183
3184
3186
244
303
3183
3185
3187
3189
889
1154
3171
3708
3709
3711
4545
4548
4550
4551
894
1153
1694
1720
1721
1722
899
3184
3190
3191
3193
305
3190
3192
3194
3196
900
1156
1726
5689
5690
5691
5692
5844
247
248
306
249
307
3197
3199
249
252
308
250
253
309
251
254
310
1730
1732
1734
3197
3198
3199
3200
905
1701
1729
1730
1732
3759
3760
3763
253
256
312
254
257
313
255
258
314
259
315
1730
1731
1734
1735
257
260
316
258
261
317
259
262
318
263
319
261
264
320
262
265
321
263
266
322
267
323
265
268
324
266
269
325
267
270
326
271
327
269
272
328
270
273
329
271
274
330
275
331
273
276
332
274
277
333
275
278
334
279
335
277
280
336
278
281
337
279
282
338
283
339
281
284
340
282
285
341
283
286
342
287
343
285
288
344
286
289
345
287
290
346
291
347
289
292
348
290
293
349
291
294
350
295
351
293
296
352
1157
1160
1161
294
297
353
1164
1167
1168
295
298
354
299
355
1142
1157
1160
4565
4566
4567
4568
1149
1157
1164
1167
2489
2490
2491
2492
299
302
358
1164
1166
1168
1170
3208
3211
3212
303
359
891
1158
3205
3206
3721
896
909
1165
1736
1737
912
3186
3208
3209
3211
3780
3781
3784
305
363
3208
3210
3212
3214
305
364
1176
1177
1178
1180
3193
3194
3195
3196
3209
3210
3213
3214
3236
3237
3238
365
307
308
366
309
367
3221
3223
309
312
368
310
313
369
311
314
370
1740
1742
1744
3221
3222
3223
3224
917
1732
1739
1740
1742
3798
3799
3802
313
316
372
314
317
373
315
318
374
319
375
1740
1741
1744
1745
317
320
376
318
321
377
319
322
378
323
379
321
324
380
322
325
381
323
326
382
327
383
325
328
384
326
329
385
327
330
386
331
387
329
332
388
330
333
389
331
334
390
335
391
333
336
392
334
337
393
335
338
394
339
395
337
340
396
338
341
397
339
342
398
343
399
341
344
400
342
345
401
343
346
402
347
403
345
348
404
346
349
405
347
350
406
351
407
349
352
408
350
353
409
351
354
410
355
411
353
356
412
1746
1749
1750
354
357
413
1182
1185
1186
355
358
414
359
415
1160
1746
1747
1749
1167
1182
1183
1185
1746
359
362
418
1182
1184
1186
1188
3229
3232
3233
363
419
910
1747
1753
1754
1757
2054
2055
2057
914
1183
1189
1195
1196
2064
2065
2067
2511
2512
2514
2515
921
3211
3229
3230
3232
3816
3817
3820
365
423
3229
3231
3233
3235
927
3230
3236
3237
3239
3830
3831
3834
427
3236
3238
3240
3242
367
368
429
369
430
3245
3247
369
372
431
370
373
432
371
374
433
1761
1763
1765
3245
3246
3247
3248
932
1742
1760
1761
1763
3855
3856
3859
373
376
435
374
377
436
375
378
437
379
438
1761
1762
1765
1766
377
380
439
378
381
440
379
382
441
383
442
381
384
443
382
385
444
383
386
445
387
446
385
388
447
386
389
448
387
390
449
391
450
389
392
451
390
393
452
391
394
453
395
454
393
396
455
394
397
456
395
398
457
399
458
397
400
459
398
401
460
399
402
461
403
462
401
404
463
402
405
464
403
406
465
407
466
405
408
467
406
409
468
407
410
469
411
470
409
412
471
410
413
472
411
414
473
415
474
413
416
475
414
417
476
415
418
477
419
478
417
420
479
1749
1750
1751
1752
3253
3256
3257
418
421
480
1185
1186
1187
1188
1767
1770
1771
419
422
481
423
482
1190
3253
3254
3256
923
1767
1768
1770
3253
423
426
485
1767
1769
1771
1773
3232
3233
3234
3235
3260
3263
3264
427
486
1200
1209
2527
2528
2529
2530
3254
4615
4616
4618
4629
4630
4631
4632
929
1208
1768
1775
1776
1777
936
3239
3260
3261
3263
490
3260
3262
3264
3266
944
3261
3267
3268
3886
430
431
493
432
494
3270
3272
432
435
495
433
436
496
434
437
497
1782
1784
1786
3270
3271
3272
3273
947
1763
1781
1782
1784
3890
3891
3894
436
439
499
437
440
500
438
441
501
442
502
1782
1783
1786
1787
440
443
503
441
444
504
442
445
505
446
506
444
447
507
445
448
508
446
449
509
450
510
448
451
511
449
452
512
450
453
513
454
514
452
455
515
453
456
516
454
457
517
458
518
456
459
519
457
460
520
458
461
521
462
522
460
463
523
461
464
524
462
465
525
466
526
464
467
527
465
468
528
466
469
529
470
530
468
471
531
469
472
532
470
473
533
474
534
472
475
535
473
476
536
474
477
537
478
538
476
479
539
477
480
540
478
481
541
482
542
480
483
543
481
484
544
482
485
545
486
546
484
487
547
3256
3257
3258
3259
485
488
548
1770
1771
1772
1773
3278
3281
3282
486
489
549
490
550
488
491
551
1209
1210
1211
1212
1788
1789
1790
3279
3281
3283
938
3278
3279
3281
490
553
3263
3264
3265
3266
3278
3280
3282
3284
554
942
1788
1789
2110
5854
5855
945
1788
1791
1792
2116
3279
5860
5861
494
495
555
496
556
3285
3287
496
499
557
497
500
558
498
501
559
1795
1797
1799
3285
3286
3287
3288
951
1784
1794
1795
1797
3908
3909
3912
500
503
561
501
504
562
502
505
563
506
564
1795
1796
1799
1800
504
507
565
505
508
566
506
509
567
510
568
508
511
569
509
512
570
510
513
571
514
572
512
515
573
513
516
574
514
517
575
518
576
516
519
577
517
520
578
518
521
579
522
580
520
523
581
521
524
582
522
525
583
526
584
524
527
585
525
528
586
526
529
587
530
588
528
531
589
529
532
590
530
533
591
534
592
532
535
593
533
536
594
534
537
595
538
596
536
539
597
537
540
598
538
541
599
542
600
540
543
601
541
544
602
542
545
603
546
604
544
547
605
545
548
606
546
549
607
550
608
548
551
609
549
552
610
550
553
611
554
612
552
613
553
614
3281
3282
3283
3284
554
615
616
556
557
617
558
618
3293
3295
558
561
619
559
562
620
560
563
621
1802
1804
1806
3293
3294
3295
3296
955
1797
1801
1802
1804
3926
3927
3930
562
565
623
563
566
624
564
567
625
568
626
1802
1803
1806
1807
566
569
627
567
570
628
568
571
629
572
630
570
573
631
571
574
632
572
575
633
576
634
574
577
635
575
578
636
576
579
637
580
638
578
581
639
579
582
640
580
583
641
584
642
582
585
643
583
586
644
584
587
645
588
646
586
589
647
587
590
648
588
591
649
592
650
590
593
651
591
594
652
592
595
653
596
654
594
597
655
595
598
656
596
599
657
600
658
598
601
659
599
602
660
600
603
661
604
662
602
605
663
603
606
664
604
607
665
608
666
606
609
667
607
610
668
608
611
669
612
670
610
613
671
611
614
672
612
615
673
616
674
614
675
615
676
616
677
678
618
619
3309
3310
620
3301
3303
3313
3314
620
623
679
621
624
680
622
625
681
1809
1811
1813
3301
3302
3303
3304
959
1804
1808
1809
1811
3944
3945
3948
624
627
683
625
628
684
626
629
685
630
686
1809
1810
1813
1814
3325
3326
3327
628
631
687
629
632
688
630
633
689
634
690
3332
3333
3334
632
635
691
633
636
692
634
637
693
638
694
3339
3340
3341
636
639
695
637
640
696
638
641
697
642
698
3346
3347
3348
640
643
699
641
644
700
642
645
701
646
702
3353
3354
3355
644
647
703
645
648
704
646
649
705
650
706
3360
3361
3362
648
651
707
649
652
708
650
653
709
654
710
3367
3368
3369
652
655
711
653
656
712
654
657
713
658
714
3374
3375
3376
656
659
715
657
660
716
658
661
717
662
718
3381
3382
3383
660
663
719
661
664
720
662
665
721
666
722
3388
3389
3390
664
667
723
665
668
724
666
669
725
670
726
3395
3396
3397
668
671
727
669
672
728
670
673
729
674
730
3402
3403
3404
672
675
731
673
676
732
674
677
733
678
734
3409
3410
3411
676
735
677
736
678
737
738
3416
3417
3418
680
683
740
1822
1823
1824
3309
3310
3311
3312
681
684
741
1827
1828
1829
3313
3314
3315
3316
682
685
742
1816
1818
1820
1832
1833
1834
3317
3318
3319
3320
963
1811
1815
1816
1818
3962
3963
3966
684
687
744
685
688
745
686
689
746
3326
3328
3330
3442
3443
3444
1816
3325
3326
3328
688
691
748
689
692
749
690
693
750
3333
3335
3337
3449
3450
3451
3326
3332
3333
3335
692
695
752
693
696
753
694
697
754
3340
3342
3344
3456
3457
3458
3333
3339
3340
3342
696
699
756
697
700
757
698
701
758
3347
3349
3351
3463
3464
3465
3340
3346
3347
3349
700
703
760
701
704
761
702
705
762
3354
3356
3358
3470
3471
3472
3347
3353
3354
3356
704
707
764
705
708
765
706
709
766
3361
3363
3365
3477
3478
3479
3354
3360
3361
3363
708
711
768
709
712
769
710
713
770
3368
3370
3372
3484
3485
3486
3361
3367
3368
3370
712
715
772
713
716
773
714
717
774
3375
3377
3379
3491
3492
3493
3368
3374
3375
3377
716
719
776
717
720
777
718
721
778
3382
3384
3386
3498
3499
3500
3375
3381
3382
3384
720
723
780
721
724
781
722
725
782
3389
3391
3393
3505
3506
3507
3382
3388
3389
3391
724
727
784
725
728
785
726
729
786
3396
3398
3400
3512
3513
3514
3389
3395
3396
3398
728
731
788
729
732
789
730
733
790
3403
3405
3407
3519
3520
3521
3396
3402
3403
3405
732
735
792
733
736
793
734
737
794
3410
3412
3414
3526
3527
3528
3403
3409
3410
3412
736
796
737
797
738
798
3417
3419
3421
3533
3534
3535
3410
3416
3417
3419
3417
3423
3424
967
1822
1823
3984
3985
3987
5693
5694
5695
5696
969
1822
1827
1828
4002
4003
4006
5701
5702
5703
5704
971
1827
1832
1833
4020
4021
4024
5709
5710
5711
5712
973
976
1818
1832
4034
4035
4038
4039
4040
4043
4044
4053
4054
4055
4056
745
748
1823
1824
1825
1826
746
749
1828
1829
1830
1831
3443
3445
3447
1833
3442
3443
3445
976
979
3328
3442
4061
4062
4065
4066
4075
4076
4077
4078
749
752
750
753
3450
3452
3454
3443
3449
3450
3452
979
982
3335
3449
4083
4084
4087
4088
4097
4098
4099
4100
753
756
754
757
3457
3459
3461
3450
3456
3457
3459
982
985
3342
3456
4105
4106
4109
4110
4119
4120
4121
4122
757
760
758
761
3464
3466
3468
3457
3463
3464
3466
985
988
3349
3463
4127
4128
4131
4132
4141
4142
4143
4144
761
764
762
765
3471
3473
3475
3464
3470
3471
3473
988
991
3356
3470
4149
4150
4153
4154
4163
4164
4165
4166
765
768
766
769
3478
3480
3482
3471
3477
3478
3480
991
994
3363
3477
4171
4172
4175
4176
4185
4186
4187
4188
769
772
770
773
3485
3487
3489
3478
3484
3485
3487
994
997
3370
3484
4193
4194
4197
4198
4207
4208
4209
4210
773
776
774
777
3492
3494
3496
3485
3491
3492
3494
997
1000
3377
3491
4215
4216
4219
4220
4229
4230
4231
4232
777
780
778
781
3499
3501
3503
3492
3498
3499
3501
1000
1003
3384
3498
4237
4238
4241
4242
4251
4252
4253
4254
781
784
782
785
3506
3508
3510
3499
3505
3506
3508
1003
1006
3391
3505
4259
4260
4263
4264
4273
4274
4275
4276
785
788
786
789
3513
3515
3517
3506
3512
3513
3515
1006
1009
3398
3512
4281
4282
4285
4286
4295
4296
4297
4298
789
792
790
793
3520
3522
3524
3513
3519
3520
3522
1009
1012
3405
3519
4303
4304
4307
4308
4317
4318
4319
4320
793
796
794
797
3527
3529
3531
3520
3526
3527
3529
1012
1015
3412
3526
4325
4326
4329
4330
4339
4340
4341
4342
797
798
3534
3536
3538
3527
3533
3534
3536
1015
1018
3419
3533
4347
4348
4351
4352
4361
4362
4363
4364
3534
3540
3541
1018
3424
3540
4369
4371
4372
4373
5874
5876
5878
5879
1021
1641
1838
5718
5719
804
1022
1642
1841
5724
5725
1025
1643
1844
5730
5731
806
1026
1644
1847
5736
5737
1029
1645
1850
5742
5743
808
1030
1646
1853
5748
5749
810
872
1856
5754
5755
811
873
1858
1859
1646
3543
3544
1033
1861
1862
814
1034
3546
3547
815
1035
1864
1865
3549
3550
1040
1867
1868
818
1041
3552
3553
819
1042
1870
1871
3555
3556
1047
1873
1874
822
1048
3558
3559
823
1049
1876
1877
3561
3562
1054
1879
1880
826
1055
3564
3565
827
1056
1882
1883
3567
3568
1061
1885
1886
830
1062
3570
3571
831
1063
1888
1889
3573
3574
1068
1891
1892
834
1069
3576
3577
835
1070
1894
1895
3579
3580
1075
1897
1898
838
1076
3582
3583
839
1077
1900
1901
3585
3586
1082
1903
1904
842
1083
3588
3589
843
1084
1906
1907
3591
3592
1089
1909
1910
846
1090
3594
3595
847
1091
1912
1913
3597
3598
1096
1915
1916
850
1097
3600
3601
851
1098
1918
1919
3603
3604
1103
1921
1922
854
1104
3606
3607
855
1105
1924
1925
3609
3610
1110
1927
1928
858
1111
3612
3613
859
1112
1930
1931
3615
3616
1117
1933
1934
862
1118
3618
3619
863
1119
1936
1937
3621
3622
1124
1939
1940
866
1125
3624
3625
867
1126
1942
1943
3627
3628
1131
1945
1946
870
1132
3630
3631
871
1133
1948
1949
3633
1138
1951
1952
1030
3635
3636
3637
1033
1858
1859
1860
1955
1956
1957
876
1032
1036
3646
3647
3648
877
1037
1962
1963
1964
3153
3653
3654
3655
1663
1969
1970
1971
880
1666
3155
3664
3665
3666
881
1667
1976
1977
1978
3161
3671
3672
3673
1670
1983
1984
1985
884
1673
3163
3682
3683
3684
885
1674
1990
1991
1992
3176
3689
3690
3691
1698
1997
1998
1999
905
1701
3178
3700
3701
3702
906
1702
2004
2005
2006
1141
1681
2011
2012
2013
1682
3707
3708
3709
894
1153
1683
3714
3715
3716
1144
3720
3721
896
909
1145
3723
3724
895
1148
1688
1712
1713
1716
1717
3726
3727
3730
3731
1689
2020
2021
2022
899
1690
2019
2021
2023
2025
3184
3733
3734
3737
3738
1151
2026
2027
912
1152
3186
3727
3728
3729
902
913
3188
3734
3735
3736
901
1695
1719
1720
1723
1724
3740
3741
3744
3745
1155
1696
2030
2031
5768
5769
5770
5771
1697
2029
2031
2033
2035
3191
3747
3748
3751
3752
5840
1176
3193
3741
3742
3743
904
1177
3195
3748
3749
3750
3754
3755
5846
5872
3198
3758
3759
3760
1729
2037
2038
2039
917
1732
3200
3769
3770
3771
918
1733
2044
2045
2046
1159
3775
3776
1162
2053
2054
2055
914
1163
1189
2058
2059
2060
1166
3779
3780
3781
916
1176
3209
3735
3736
3739
3778
3780
3782
3784
3785
3786
3787
3788
1169
2063
2064
2065
921
1170
3211
3790
3791
3792
922
1178
2068
2069
2070
2071
3213
3789
3792
3794
3795
3822
3823
3825
3222
3797
3798
3799
1739
2073
2074
2075
932
1742
3224
3808
3809
3810
933
1743
2080
2081
2082
1184
3815
3816
3817
927
3230
3822
3823
3824
924
1187
1191
1194
1196
1198
1199
2086
2088
2090
2092
926
1188
1767
3232
3814
3817
3819
3820
929
1193
1768
2088
2089
5782
5786
5787
5788
930
1769
2086
2089
2091
2092
3234
3821
3824
3826
3827
3840
3841
3843
1178
3829
3830
3831
1180
1206
3237
3828
3830
3832
3834
3835
3836
3837
3838
3846
3847
3850
3851
1201
1429
2804
2805
2807
2808
2809
2810
2812
2813
936
3239
3840
3841
3842
937
1207
3241
3847
3848
3849
3246
3854
3855
3856
1760
2094
2095
2096
947
1763
3248
3865
3866
3867
948
1764
2101
2102
2103
939
1769
1774
1775
1778
1779
3841
3842
3845
3871
3872
3875
3876
944
3261
3872
3873
3874
939
1210
1772
1774
1777
1779
1780
3878
3880
3882
3884
941
1773
3263
3278
945
1212
3279
3879
3880
3881
946
3265
3280
3871
3874
3876
3877
3878
3881
3883
3884
1211
2109
2110
5854
945
1212
1788
2112
2113
5858
1207
3885
3886
2115
2116
5860
1791
2116
2117
3268
3886
3887
5861
3271
3889
3890
3891
1781
2119
2120
2121
951
1784
3273
3900
3901
3902
952
1785
2126
2127
2128
3286
3907
3908
3909
1794
2133
2134
2135
955
1797
3288
3918
3919
3920
956
1798
2140
2141
2142
3294
3925
3926
3927
1801
2147
2148
2149
959
1804
3296
3936
3937
3938
960
1805
2154
2155
2156
3302
3943
3944
3945
1808
2161
2162
2163
963
1811
3304
3954
3955
3956
964
1812
2168
2169
2170
3318
3961
3962
3963
1815
2175
2176
2177
973
1818
3320
3972
3973
3974
974
1819
2182
2183
2184
3311
3983
3984
3985
969
1822
3312
3990
3991
3992
3315
4001
4002
4003
971
1827
3316
4008
4009
4010
3319
4019
4020
4021
973
1832
3320
4026
4027
4028
4033
4034
4035
975
2213
2214
2215
1819
4040
4041
4042
1820
1834
4046
4048
4050
4052
4057
4058
4059
4060
978
1821
4047
4048
4049
3329
4062
4063
4064
3330
3444
4068
4070
4072
4074
4079
4080
4081
4082
981
3331
4069
4070
4071
3336
4084
4085
4086
3337
3451
4090
4092
4094
4096
4101
4102
4103
4104
984
3338
4091
4092
4093
3343
4106
4107
4108
3344
3458
4112
4114
4116
4118
4123
4124
4125
4126
987
3345
4113
4114
4115
3350
4128
4129
4130
3351
3465
4134
4136
4138
4140
4145
4146
4147
4148
990
3352
4135
4136
4137
3357
4150
4151
4152
3358
3472
4156
4158
4160
4162
4167
4168
4169
4170
993
3359
4157
4158
4159
3364
4172
4173
4174
3365
3479
4178
4180
4182
4184
4189
4190
4191
4192
996
3366
4179
4180
4181
3371
4194
4195
4196
3372
3486
4200
4202
4204
4206
4211
4212
4213
4214
999
3373
4201
4202
4203
3378
4216
4217
4218
3379
3493
4222
4224
4226
4228
4233
4234
4235
4236
1002
3380
4223
4224
4225
3385
4238
4239
4240
3386
3500
4244
4246
4248
4250
4255
4256
4257
4258
1005
3387
4245
4246
4247
3392
4260
4261
4262
3393
3507
4266
4268
4270
4272
4277
4278
4279
4280
1008
3394
4267
4268
4269
3399
4282
4283
4284
3400
3514
4288
4290
4292
4294
4299
4300
4301
4302
1011
3401
4289
4290
4291
3406
4304
4305
4306
3407
3521
4310
4312
4314
4316
4321
4322
4323
4324
1014
3408
4311
4312
4313
3413
4326
4327
4328
3414
3528
4332
4334
4336
4338
4343
4344
4345
4346
1017
3415
4333
4334
4335
3420
4348
4349
4350
3421
3535
4354
4356
4358
4360
4365
4366
4367
4368
1020
3422
4355
4356
4357
3425
4369
4370
5875
4374
4375
4378
1025
2917
4381
4382
4385
1024
2920
3144
4377
4378
4379
4380
4388
4389
4390
4391
1027
2921
3145
4384
4385
4386
4387
4392
4393
4394
4395
4396
4397
4400
1029
2924
4403
4404
4407
1028
2927
3148
4399
4400
4401
4402
4410
4411
4412
4413
1031
2928
3149
4406
4407
4408
4409
4414
4415
4416
4417
4418
4419
4422
2931
4425
4426
4427
1032
2934
3152
4421
4422
4423
4424
4432
4433
4434
4435
2935
3153
3646
3647
3649
4427
4429
4430
4431
4436
4437
4438
4439
1861
1862
1863
2235
2236
2237
2933
4440
4441
4444
1040
1864
1865
1866
2242
2243
2246
1037
1038
2935
2940
2942
2943
2944
3646
3648
3650
1039
1663
1962
1964
1966
2237
2239
2240
2241
1039
1043
1664
2937
4443
4444
4445
4446
1044
1665
2245
2246
2247
2248
1867
1868
1869
2249
2250
2253
2947
4447
4448
4451
1047
1870
1871
1872
2256
2257
2260
1044
1045
2949
2955
2956
2957
2958
1046
2252
2253
2254
2255
1046
1050
2951
4450
4451
4452
4453
1051
2259
2260
2261
2262
1873
1874
1875
2263
2264
2267
2961
4454
4455
4458
1054
1876
1877
1878
2270
2271
2274
1051
1052
2963
2969
2970
2971
2972
1053
2266
2267
2268
2269
1053
1057
2965
4457
4458
4459
4460
1058
2273
2274
2275
2276
1879
1880
1881
2277
2278
2281
2975
4461
4462
4465
1061
1882
1883
1884
2284
2285
2288
1058
1059
2977
2983
2984
2985
2986
1060
2280
2281
2282
2283
1060
1064
2979
4464
4465
4466
4467
1065
2287
2288
2289
2290
1885
1886
1887
2291
2292
2295
2989
4468
4469
4472
1068
1888
1889
1890
2298
2299
2302
1065
1066
2991
2997
2998
2999
3000
1067
2294
2295
2296
2297
1067
1071
2993
4471
4472
4473
4474
1072
2301
2302
2303
2304
1891
1892
1893
2305
2306
2309
3003
4475
4476
4479
1075
1894
1895
1896
2312
2313
2316
1072
1073
3005
3011
3012
3013
3014
1074
2308
2309
2310
2311
1074
1078
3007
4478
4479
4480
4481
1079
2315
2316
2317
2318
1897
1898
1899
2319
2320
2323
3017
4482
4483
4486
1082
1900
1901
1902
2326
2327
2330
1079
1080
3019
3025
3026
3027
3028
1081
2322
2323
2324
2325
1081
1085
3021
4485
4486
4487
4488
1086
2329
2330
2331
2332
1903
1904
1905
2333
2334
2337
3031
4489
4490
4493
1089
1906
1907
1908
2340
2341
2344
1086
1087
3033
3039
3040
3041
3042
1088
2336
2337
2338
2339
1088
1092
3035
4492
4493
4494
4495
1093
2343
2344
2345
2346
1909
1910
1911
2347
2348
2351
3045
4496
4497
4500
1096
1912
1913
1914
2354
2355
2358
1093
1094
3047
3053
3054
3055
3056
1095
2350
2351
2352
2353
1095
1099
3049
4499
4500
4501
4502
1100
2357
2358
2359
2360
1915
1916
1917
2361
2362
2365
3059
4503
4504
4507
1103
1918
1919
1920
2368
2369
2372
1100
1101
3061
3067
3068
3069
3070
1102
2364
2365
2366
2367
1102
1106
3063
4506
4507
4508
4509
1107
2371
2372
2373
2374
1921
1922
1923
2375
2376
2379
3073
4510
4511
4514
1110
1924
1925
1926
2382
2383
2386
1107
1108
3075
3081
3082
3083
3084
1109
2378
2379
2380
2381
1109
1113
3077
4513
4514
4515
4516
1114
2385
2386
2387
2388
1927
1928
1929
2389
2390
2393
3087
4517
4518
4521
1117
1930
1931
1932
2396
2397
2400
1114
1115
3089
3095
3096
3097
3098
1116
2392
2393
2394
2395
1116
1120
3091
4520
4521
4522
4523
1121
2399
2400
2401
2402
1933
1934
1935
2403
2404
2407
3101
4524
4525
4528
1124
1936
1937
1938
2410
2411
2414
1121
1122
3103
3109
3110
3111
3112
1123
2406
2407
2408
2409
1123
1127
3105
4527
4528
4529
4530
1128
2413
2414
2415
2416
1939
1940
1941
2417
2418
2421
3115
4531
4532
4535
1131
1942
1943
1944
2424
2425
2428
1128
1129
3117
3123
3124
3125
3126
1130
2420
2421
2422
2423
1130
1134
3119
4534
4535
4536
4537
1135
2427
2428
2429
2430
1945
1946
1947
2431
2432
2435
3129
4538
4539
4542
1138
1948
1949
1950
2438
2439
2442
1135
1136
3131
3137
3138
3139
3140
1137
2434
2435
2436
2437
1137
3133
4541
4542
4543
4544
5841
2441
2442
2443
2444
5842
1951
1952
1953
2445
2446
1141
1143
1141
1706
1708
1710
2448
2450
2451
2454
1147
2011
2013
2015
2455
2457
2458
2460
1143
2451
2452
2453
2454
1149
1157
2458
2459
2460
2461
1158
2448
2449
2452
3720
3721
3722
1151
1159
2455
2456
2459
3723
3724
3725
1148
1150
1148
1713
1715
1717
2462
2464
2465
2467
1152
1150
2465
2466
2467
2468
1152
1164
1165
2026
2027
2028
2462
2463
2466
1166
2463
2464
2465
2468
3727
3728
3730
3172
4545
4546
4547
3173
4555
4556
4557
4558
5838
1156
3174
4552
4553
4556
4559
4560
5852
1161
4572
4573
4574
4575
4562
4563
4566
1165
3775
3776
3777
4569
4570
4573
1161
2475
2476
2477
2478
1167
1746
2482
2483
2484
2485
1747
2053
2054
2056
2472
2473
2476
1169
1748
2058
2059
2061
2479
2480
2483
1166
1168
1736
1737
1738
2486
2487
2490
1170
2486
2488
2489
2491
3779
3781
3783
1168
2496
2497
2498
2499
1170
1182
1183
2063
2064
2066
2493
2494
2497
1184
2494
2495
2496
2499
3790
3791
3793
1174
1409
3778
3785
4583
4584
4588
4589
1372
2486
3779
4577
4578
4579
1410
2051
2487
2500
2501
1375
3782
3787
4576
4578
4581
4582
1412
2488
3783
4584
4585
4586
1177
1178
3215
3216
3217
3218
3742
3743
3746
1180
3749
3750
3753
4590
4591
4592
4593
5846
1180
3829
3830
3832
4594
4595
4596
4597
1180
1181
3836
3837
4592
4593
4596
4597
5847
3220
3243
5847
1184
1186
1184
1187
1195
1196
1198
1748
2494
2497
2499
1188
3815
3817
3819
1186
1187
1750
1188
1188
1752
1748
2059
2060
2062
2503
2504
5814
5816
5817
5818
1191
1192
1751
1756
1757
1758
1759
1752
2504
2506
2507
2508
3253
4601
4602
4603
4606
1200
3254
4598
4599
4603
4604
4605
4606
4614
4615
4617
1201
3255
4600
4601
4604
1198
1199
1422
3814
4607
4608
4612
4613
1198
1411
3815
4607
4609
4611
4612
4992
4994
4996
1198
1199
2504
1413
1424
3818
4608
4609
4610
3819
1425
2506
2511
2513
2514
2516
2798
2799
2802
4614
4615
4616
1208
2519
5824
5825
5826
5828
5829
5830
5831
5833
1204
1427
3828
3835
4619
4620
4624
4625
5039
5040
5042
1204
1423
3829
4594
4619
4621
4623
4624
3832
3837
4596
1426
1431
3833
4620
4621
4622
1207
3243
3244
5847
2523
2524
3847
3849
3851
3885
3255
4626
4627
4630
1210
1211
3258
1212
3259
4627
4628
4629
4632
1212
2109
2110
2111
2525
2526
2527
2530
2112
2113
2114
2532
2533
2534
2535
3879
3880
3882
2109
2525
2538
2539
2540
1454
2111
2526
2545
2546
2547
1448
2523
3885
4636
4637
4638
1449
1453
2115
2552
2553
2554
1452
2117
2551
2553
2555
2557
3887
4635
4638
4640
4641
1647
1837
2558
1221
1648
1839
2559
1222
1840
2223
2560
1842
2224
2561
1651
1843
2562
1225
1652
1845
2563
1226
1846
2227
2564
1848
2228
2565
1655
1849
2566
1229
1656
1851
2567
1230
1852
2231
2568
1854
2232
2569
1660
1855
2570
1233
1661
1857
2571
1234
1329
2572
1236
1330
2573
1955
2574
2575
1237
1856
1956
4642
4643
1857
1958
4645
4646
2235
3543
4648
4649
1240
2236
2577
2578
1242
2238
3545
4651
4652
2242
2580
2581
1243
2243
3547
4654
4655
2244
3548
4657
4658
2249
3549
4660
4661
1246
2250
2583
2584
1248
2251
3551
4663
4664
2256
2586
2587
1249
2257
3553
4666
4667
2258
3554
4669
4670
2263
3555
4672
4673
1252
2264
2589
2590
1254
2265
3557
4675
4676
2270
2592
2593
1255
2271
3559
4678
4679
2272
3560
4681
4682
2277
3561
4684
4685
1258
2278
2595
2596
1260
2279
3563
4687
4688
2284
2598
2599
1261
2285
3565
4690
4691
2286
3566
4693
4694
2291
3567
4696
4697
1264
2292
2601
2602
1266
2293
3569
4699
4700
2298
2604
2605
1267
2299
3571
4702
4703
2300
3572
4705
4706
2305
3573
4708
4709
1270
2306
2607
2608
1272
2307
3575
4711
4712
2312
2610
2611
1273
2313
3577
4714
4715
2314
3578
4717
4718
2319
3579
4720
4721
1276
2320
2613
2614
1278
2321
3581
4723
4724
2326
2616
2617
1279
2327
3583
4726
4727
2328
3584
4729
4730
2333
3585
4732
4733
1282
2334
2619
2620
1284
2335
3587
4735
4736
2340
2622
2623
1285
2341
3589
4738
4739
2342
3590
4741
4742
2347
3591
4744
4745
1288
2348
2625
2626
1290
2349
3593
4747
4748
2354
2628
2629
1291
2355
3595
4750
4751
2356
3596
4753
4754
2361
3597
4756
4757
1294
2362
2631
2632
1296
2363
3599
4759
4760
2368
2634
2635
1297
2369
3601
4762
4763
2370
3602
4765
4766
2375
3603
4768
4769
1300
2376
2637
2638
1302
2377
3605
4771
4772
2382
2640
2641
1303
2383
3607
4774
4775
2384
3608
4777
4778
2389
3609
4780
4781
1306
2390
2643
2644
1308
2391
3611
4783
4784
2396
2646
2647
1309
2397
3613
4786
4787
2398
3614
4789
4790
2403
3615
4792
4793
1312
2404
2649
2650
1314
2405
3617
4795
4796
2410
2652
2653
1315
2411
3619
4798
4799
2412
3620
4801
4802
2417
3621
4804
4805
1318
2418
2655
2656
1320
2419
3623
4807
4808
2424
2658
2659
1321
2425
3625
4810
4811
2426
3626
4813
4814
2431
3627
4816
4817
1324
2432
2661
2662
1326
2433
3629
4819
4820
2438
2664
2665
1327
2439
3631
4822
4823
2440
3632
4825
4826
2445
3633
4828
4829
1332
1659
1954
4831
4832
1955
2667
2668
1661
1958
4834
4835
1334
1959
2670
2671
1961
3641
4837
4838
1337
1963
2673
2674
1965
2676
2677
1338
1967
3644
4840
4841
1340
1968
3156
4843
4844
1969
2679
2680
1972
3158
4846
4847
1342
1973
2682
2683
1975
3659
4849
4850
1345
1977
2685
2686
1979
2688
2689
1346
1981
3662
4852
4853
1348
1982
3164
4855
4856
1983
2691
2692
1986
3166
4858
4859
1350
1987
2694
2695
1989
3677
4861
4862
1353
1991
2697
2698
1993
2700
2701
1354
1995
3680
4864
4865
1356
1996
3179
4867
4868
1997
2703
2704
2000
3181
4870
4871
1358
2001
2706
2707
2003
3695
4873
4874
1396
2005
2709
2710
2007
2712
2713
1397
2009
3698
4876
4877
1365
1705
4879
4880
1708
2448
2715
2716
2717
1367
2449
3205
4882
4883
1368
1710
2450
2720
2721
2722
1711
4885
4886
2010
4888
4889
1371
2013
2455
2725
2726
2727
2050
2456
4891
4892
2015
2457
2730
2731
2732
1374
2016
2018
4894
4895
1376
1712
3726
4898
4899
4900
1715
2462
2735
2736
2737
2463
3728
4905
4906
4907
1717
2464
3730
4912
4913
4914
1379
1718
2740
2741
1381
3732
4897
4900
4902
4903
4904
4907
4909
4910
2019
3733
4919
4920
4921
1383
2017
2022
2743
2744
1381
1384
3736
3786
4925
4928
4930
4931
2018
2024
2746
2747
1385
2025
3738
4926
4927
4928
3739
3787
4918
4921
4923
4924
1388
1719
3740
4933
4934
4935
1722
2469
2749
2750
1387
3215
3742
4939
4942
4944
4945
1724
3744
4940
4941
4942
1390
1725
2470
2752
2753
1392
3216
3746
4932
4935
4937
4938
2029
3747
4947
4948
4949
1392
1393
3750
4590
4953
4956
4958
4959
2034
2471
2755
1394
2035
3752
4954
4955
4956
3753
4591
4946
4949
4951
4952
3219
3755
4960
4963
4965
4966
1728
3756
4961
4962
4963
1399
2036
3201
4967
4968
2037
2756
2757
2040
3203
4970
4971
1401
2041
2759
2760
2043
3764
4973
4974
1415
2045
2762
2763
2047
2765
2766
1416
2049
3767
4976
4977
2472
3206
4979
4980
1407
1753
2473
2768
2769
2770
1408
2474
3207
4982
4983
1410
2051
2479
4985
4986
2480
2503
2773
2774
2775
2052
2481
4988
4989
2068
3789
4998
4999
5003
5004
5005
5006
5010
5011
2493
2778
2779
2494
3791
4992
4993
4994
2495
3793
4999
5000
5001
2071
3795
5006
5007
5008
1418
2072
3225
5012
5013
2073
2781
2782
2076
3227
5015
5016
1420
2077
2784
2785
2079
3803
5018
5019
1439
2081
2787
2788
2083
2790
2791
1440
2085
3806
5021
5022
2086
2797
2798
2802
2803
3821
5024
5025
5028
5030
5031
5032
5036
5037
2069
3823
5024
5027
5029
5030
5031
5033
5035
5036
2071
3825
5025
5026
5027
2090
2509
2798
2799
2800
2091
3827
5032
5033
5034
1433
3839
5039
5040
5041
2087
2517
2805
2806
1775
2089
3841
5045
5048
5050
5051
5052
5054
5056
5057
1434
1776
2518
2810
2811
2091
3843
5046
5047
5048
1437
1778
3845
5053
5054
5055
1436
3835
3846
5040
5041
5044
5059
5060
5063
5064
1447
2522
2814
1436
1448
2523
3849
5059
5062
5064
5065
5079
5080
5083
2524
3838
3851
1450
3852
5060
5061
5062
1442
2093
3249
5066
5067
2094
2815
2816
2097
3251
5069
5070
1444
2098
2818
2819
2100
3860
5072
5073
1456
2102
2821
2822
2104
2824
2825
1457
2106
3863
5075
5076
1450
1451
1452
1774
3871
3878
1776
2531
2828
2829
2830
3873
5079
5080
5081
2532
3879
5086
5087
5088
1778
2827
2829
2832
2833
3875
5061
5062
5065
5078
5080
5083
5084
1780
2533
2827
2830
2831
2832
3882
5085
5087
5089
5091
3877
3883
5078
5081
5082
5084
5085
5088
5090
5091
2112
2532
2835
2836
2837
2114
2534
2842
2843
2844
1459
2118
3274
5092
5093
2119
2848
2849
2122
3276
5095
5096
1461
2123
2851
2852
2125
3895
5098
5099
1464
2127
2854
2855
2129
2857
2858
1465
2131
3898
5101
5102
1467
2132
3289
5104
5105
2133
2860
2861
2136
3291
5107
5108
1469
2137
2863
2864
2139
3913
5110
5111
1472
2141
2866
2867
2143
2869
2870
1473
2145
3916
5113
5114
1475
2146
3297
5116
5117
2147
2872
2873
2150
3299
5119
5120
1477
2151
2875
2876
2153
3931
5122
5123
1480
2155
2878
2879
2157
2881
2882
1481
2159
3934
5125
5126
1483
2160
3305
5128
5129
2161
2884
2885
2164
3307
5131
5132
1485
2165
2887
2888
2167
3949
5134
5135
1488
2169
2890
2891
2171
2893
2894
1489
2173
3952
5137
5138
1491
2174
3321
5140
5141
2175
2896
2897
2178
3323
5143
5144
1493
2179
2899
2900
2181
3967
5146
5147
1508
2183
2902
2903
2185
2905
2906
1509
2187
3970
5149
5150
1497
2188
3426
5152
5153
2191
3429
5155
5156
2192
3978
5158
5159
1500
2194
3981
5161
5162
1501
2196
3430
5164
5165
2198
3433
5167
5168
2200
3996
5170
5171
1504
2202
3999
5173
5174
1505
2204
3434
5176
5177
2206
3437
5179
5180
2208
4014
5182
5183
1512
2210
4017
5185
5186
1513
2212
3438
5188
5189
2213
2908
2909
2216
3440
5191
5192
1514
2217
2911
2912
1513
2219
3438
5194
5195
2221
3441
5197
5198
1515
5200
5201
1517
2914
2915
1518
2212
2219
5200
5201
5202
5210
5211
5215
5216
1520
2215
5204
5205
5206
2217
5211
5212
5213
1521
2218
2222
5203
5206
5208
5209
1521
1523
4039
4053
5224
5225
5229
5230
4042
5218
5219
5220
4044
4055
5217
5219
5222
5223
1525
4045
5225
5226
5227
1526
4046
4057
5238
5239
5243
5244
1528
4049
5232
5233
5234
4051
5239
5240
5241
1529
4052
4060
5231
5234
5236
5237
1529
1531
4061
4075
5252
5253
5257
5258
4064
5246
5247
5248
4066
4077
5245
5247
5250
5251
1533
4067
5253
5254
5255
1534
4068
4079
5266
5267
5271
5272
1536
4071
5260
5261
5262
4073
5267
5268
5269
1537
4074
4082
5259
5262
5264
5265
1537
1539
4083
4097
5280
5281
5285
5286
4086
5274
5275
5276
4088
4099
5273
5275
5278
5279
1541
4089
5281
5282
5283
1542
4090
4101
5294
5295
5299
5300
1544
4093
5288
5289
5290
4095
5295
5296
5297
1545
4096
4104
5287
5290
5292
5293
1545
1547
4105
4119
5308
5309
5313
5314
4108
5302
5303
5304
4110
4121
5301
5303
5306
5307
1549
4111
5309
5310
5311
1550
4112
4123
5322
5323
5327
5328
1552
4115
5316
5317
5318
4117
5323
5324
5325
1553
4118
4126
5315
5318
5320
5321
1553
1555
4127
4141
5336
5337
5341
5342
4130
5330
5331
5332
4132
4143
5329
5331
5334
5335
1557
4133
5337
5338
5339
1558
4134
4145
5350
5351
5355
5356
1560
4137
5344
5345
5346
4139
5351
5352
5353
1561
4140
4148
5343
5346
5348
5349
1561
1563
4149
4163
5364
5365
5369
5370
4152
5358
5359
5360
4154
4165
5357
5359
5362
5363
1565
4155
5365
5366
5367
1566
4156
4167
5378
5379
5383
5384
1568
4159
5372
5373
5374
4161
5379
5380
5381
1569
4162
4170
5371
5374
5376
5377
1569
1571
4171
4185
5392
5393
5397
5398
4174
5386
5387
5388
4176
4187
5385
5387
5390
5391
1573
4177
5393
5394
5395
1574
4178
4189
5406
5407
5411
5412
1576
4181
5400
5401
5402
4183
5407
5408
5409
1577
4184
4192
5399
5402
5404
5405
1577
1579
4193
4207
5420
5421
5425
5426
4196
5414
5415
5416
4198
4209
5413
5415
5418
5419
1581
4199
5421
5422
5423
1582
4200
4211
5434
5435
5439
5440
1584
4203
5428
5429
5430
4205
5435
5436
5437
1585
4206
4214
5427
5430
5432
5433
1585
1587
4215
4229
5448
5449
5453
5454
4218
5442
5443
5444
4220
4231
5441
5443
5446
5447
1589
4221
5449
5450
5451
1590
4222
4233
5462
5463
5467
5468
1592
4225
5456
5457
5458
4227
5463
5464
5465
1593
4228
4236
5455
5458
5460
5461
1593
1595
4237
4251
5476
5477
5481
5482
4240
5470
5471
5472
4242
4253
5469
5471
5474
5475
1597
4243
5477
5478
5479
1598
4244
4255
5490
5491
5495
5496
1600
4247
5484
5485
5486
4249
5491
5492
5493
1601
4250
4258
5483
5486
5488
5489
1601
1603
4259
4273
5504
5505
5509
5510
4262
5498
5499
5500
4264
4275
5497
5499
5502
5503
1605
4265
5505
5506
5507
1606
4266
4277
5518
5519
5523
5524
1608
4269
5512
5513
5514
4271
5519
5520
5521
1609
4272
4280
5511
5514
5516
5517
1609
1611
4281
4295
5532
5533
5537
5538
4284
5526
5527
5528
4286
4297
5525
5527
5530
5531
1613
4287
5533
5534
5535
1614
4288
4299
5546
5547
5551
5552
1616
4291
5540
5541
5542
4293
5547
5548
5549
1617
4294
4302
5539
5542
5544
5545
1617
1619
4303
4317
5560
5561
5565
5566
4306
5554
5555
5556
4308
4319
5553
5555
5558
5559
1621
4309
5561
5562
5563
1622
4310
4321
5574
5575
5579
5580
1624
4313
5568
5569
5570
4315
5575
5576
5577
1625
4316
4324
5567
5570
5572
5573
1625
1627
4325
4339
5588
5589
5593
5594
4328
5582
5583
5584
4330
4341
5581
5583
5586
5587
1629
4331
5589
5590
5591
1630
4332
4343
5602
5603
5607
5608
1632
4335
5596
5597
5598
4337
5603
5604
5605
1633
4338
4346
5595
5598
5600
5601
1633
1635
4347
4361
5616
5617
5621
5622
4350
5610
5611
5612
4352
4363
5609
5611
5614
5615
1637
4353
5617
5618
5619
1638
4354
4365
5630
5631
5635
5636
1639
4357
5624
5625
5626
4359
5631
5632
5633
1640
4360
4368
5623
5626
5628
5629
4370
5638
5639
5640
4371
4373
5637
5639
5642
5643
5849
5644
5645
1643
2917
5647
5648
5650
5651
1645
2924
5653
5654
5656
5657
2931
5659
5660
4374
5662
5663
2224
4376
5665
5666
1650
2225
4377
4388
5666
5667
4380
4391
5663
5664
2223
4396
5668
5669
2228
4398
5671
5672
1654
2229
4399
4410
5672
5673
2226
4401
4412
5669
5670
2227
4418
5674
5675
2232
4420
5677
5678
1658
2234
4421
4432
5678
5679
2230
4423
4434
5675
5676
1662
3634
3641
4831
5683
5685
2231
3635
5680
5681
3638
5683
5684
2233
3639
3643
5681
5682
1665
1667
1970
1971
1974
1665
1668
1669
1667
1668
3664
3666
3668
1669
1670
1976
1978
1980
1669
1671
1672
1672
1674
1984
1985
1988
1672
1675
1676
1674
1675
3682
3684
3686
1676
1698
1990
1992
1994
1676
1699
1700
1679
1681
1679
1682
1683
1685
3168
1681
1682
1706
1707
1709
1683
1687
2011
2012
2014
1683
3171
3707
3708
3710
1689
3172
3714
3715
3717
1686
1688
1686
1689
1690
1691
1688
1689
1713
1714
1716
1690
1690
1694
2020
2021
2023
1695
1693
1695
1693
1696
3170
5837
1697
5843
1695
1696
1720
1721
1723
3172
1697
1697
2030
2031
2033
3174
5844
5845
1700
1702
1998
1999
2002
1700
1703
1704
1702
1703
3700
3702
3704
1704
1729
2004
2006
2008
1704
1730
1731
1709
1710
1711
2010
3706
4879
4880
4881
1709
1710
2011
1709
1711
3707
1710
1711
2716
2717
2719
2014
3710
2015
2720
2721
2724
3712
4885
4886
4887
1716
1717
1718
2019
4898
4899
4901
1716
1717
1716
1718
2012
2020
1717
1718
2013
2736
2737
2739
2023
4912
4913
4916
2016
2024
2740
2741
2742
1723
1724
1725
2029
4933
4934
4936
1723
1724
2021
1723
1725
2030
4546
1724
1725
2022
2749
2750
2751
4547
2033
2025
4940
4941
4943
2034
2752
2753
2754
4549
5772
5776
5777
1728
2031
5840
5844
2032
4559
5686
5687
5690
2035
4961
4962
4964
5686
5688
5689
5691
5840
1731
1733
2038
2039
2042
1731
1734
1735
1733
1734
3769
3771
3773
1735
1739
2044
2046
2048
1735
1740
1741
1738
2027
4577
1738
2500
3776
2502
4580
1741
1743
2074
2075
2078
1741
1744
1745
1743
1744
3808
3810
3812
1745
1760
2080
2082
2084
1745
1761
1762
1748
1750
1748
1751
1753
1757
1758
2473
2476
2477
1752
2480
2483
2485
2503
2504
2508
1750
1751
1752
1752
1755
1758
2503
2768
2770
2772
1755
1759
1756
2505
1758
1759
2507
4598
1758
1759
2508
4599
1762
1764
2095
2096
2099
1762
1765
1766
1764
1765
3865
3867
3869
1766
1781
2101
2103
2105
1766
1782
1783
1769
1771
1769
1772
1775
1777
1779
2088
2089
2092
3255
1773
1771
1772
3257
1773
1773
3259
1778
1779
1780
1778
1779
1778
1780
2810
2811
2813
2829
2830
2832
4626
1779
1780
4627
5054
5055
5056
4628
1783
1785
2120
2121
2124
1783
1786
1787
1785
1786
3900
3902
3904
1787
1794
2126
2128
2130
1787
1795
1796
1790
2113
5858
5859
1790
1792
1793
3280
1793
3283
3284
1796
1798
2134
2135
2138
1796
1799
1800
1798
1799
3918
3920
3922
1800
1801
2140
2142
2144
1800
1802
1803
1803
1805
2148
2149
2152
1803
1806
1807
1805
1806
3936
3938
3940
1807
1808
2154
2156
2158
1807
1809
1810
1810
1812
2162
2163
2166
1810
1813
1814
1812
1813
3954
3956
3958
1814
1815
2168
2170
2172
1814
1816
1817
1817
1819
2176
2177
2180
1817
1820
1821
3325
1819
1820
3972
3974
3976
1821
2182
2184
2186
4040
4041
4043
1821
3328
3329
4047
4048
4050
1824
3991
3992
3995
5697
5698
5699
5700
1824
1825
1826
1828
1826
5695
5696
1830
5699
5700
1829
4009
4010
4013
5705
5706
5707
5708
1829
1830
1831
1833
1831
5703
5704
1835
5707
5708
1834
4027
4028
4031
5713
5714
5715
5716
1834
1835
1836
3442
1836
3445
5711
5712
3446
4058
4059
5715
5716
4374
5717
5718
1841
4375
5644
5721
5722
1842
4376
5720
5721
1843
4381
5723
5724
4382
5647
5727
5728
4383
5726
5727
4396
5729
5730
1847
4397
5650
5733
5734
1848
4398
5732
5733
1849
4403
5735
5736
4404
5653
5739
5740
4405
5738
5739
4418
5741
5742
1853
4419
5656
5745
5746
1854
4420
5744
5745
1855
4425
5747
5748
4426
5659
5751
5752
4428
5750
5751
3635
5753
5754
3543
3636
4643
5757
5758
3638
5756
5757
1860
2574
1860
1861
4642
2576
4644
1863
4648
1863
2577
2579
4650
1866
2580
1866
1867
4654
2582
4656
1869
4660
1869
2583
2585
4662
1872
2586
1872
1873
4666
2588
4668
1875
4672
1875
2589
2591
4674
1878
2592
1878
1879
4678
2594
4680
1881
4684
1881
2595
2597
4686
1884
2598
1884
1885
4690
2600
4692
1887
4696
1887
2601
2603
4698
1890
2604
1890
1891
4702
2606
4704
1893
4708
1893
2607
2609
4710
1896
2610
1896
1897
4714
2612
4716
1899
4720
1899
2613
2615
4722
1902
2616
1902
1903
4726
2618
4728
1905
4732
1905
2619
2621
4734
1908
2622
1908
1909
4738
2624
4740
1911
4744
1911
2625
2627
4746
1914
2628
1914
1915
4750
2630
4752
1917
4756
1917
2631
2633
4758
1920
2634
1920
1921
4762
2636
4764
1923
4768
1923
2637
2639
4770
1926
2640
1926
1927
4774
2642
4776
1929
4780
1929
2643
2645
4782
1932
2646
1932
1933
4786
2648
4788
1935
4792
1935
2649
2651
4794
1938
2652
1938
1939
4798
2654
4800
1941
4804
1941
2655
2657
4806
1944
2658
1944
1945
4810
2660
4812
1947
4816
1947
2661
2663
4818
1950
2664
1950
1951
4822
2666
4824
1953
4828
1953
5866
4830
5867
1958
1959
1960
1961
3634
4831
4832
4833
1958
1959
2574
2575
2576
2667
2668
2669
1958
1960
2235
3636
4642
4643
4644
1959
1960
1962
2237
3638
4645
4646
4647
4834
4835
4836
1965
2670
2671
2672
1966
2239
3640
1965
1966
1967
3645
4837
4838
4839
1965
1966
1965
1967
1969
2673
2674
2675
1966
1967
1970
3648
2676
2677
2678
3650
1972
3651
4840
4841
4842
1972
1973
1974
1975
3652
4843
4844
4845
1972
1973
2679
2680
2681
1972
1974
3654
1973
1974
1976
3656
4846
4847
4848
1979
2682
2683
2684
1980
3658
1979
1980
1981
3663
4849
4850
4851
1979
1980
1979
1981
1983
2685
2686
2687
1980
1981
1984
3666
2688
2689
2690
3668
1986
3669
4852
4853
4854
1986
1987
1988
1989
3670
4855
4856
4857
1986
1987
2691
2692
2693
1986
1988
3672
1987
1988
1990
3674
4858
4859
4860
1993
2694
2695
2696
1994
3676
1993
1994
1995
3681
4861
4862
4863
1993
1994
1993
1995
1997
2697
2698
2699
1994
1995
1998
3684
2700
2701
2702
3686
2000
3687
4864
4865
4866
2000
2001
2002
2003
3688
4867
4868
4869
2000
2001
2703
2704
2705
2000
2002
3690
2001
2002
2004
3692
4870
4871
4872
2007
2706
2707
2708
2008
3694
2007
2008
2009
3699
4873
4874
4875
2007
2008
2007
2009
2037
2709
2710
2711
2008
2009
2038
3702
2712
2713
2714
3704
2040
3705
4876
4877
4878
2014
2015
2016
3713
4888
4889
4890
2014
2015
2014
2016
3714
2015
2016
2726
2727
2729
3717
2730
2731
2734
3718
4894
4895
4896
2469
3716
5759
5760
3718
5762
5763
2023
2024
2025
4919
4920
4922
2023
2024
3714
2023
2025
2024
2025
2743
2744
2745
3716
2746
2747
2748
3718
4926
4927
4929
2028
2735
3723
2028
4905
2738
4908
2033
2035
4947
4948
4950
5772
5774
5775
5777
2033
4552
5775
5776
5777
5778
2033
2035
4553
5765
5766
5769
4554
5772
5773
5776
4954
4955
4957
5766
5767
5768
5770
2040
2041
2042
2043
3757
4967
4968
4969
2040
2041
2756
2757
2758
2040
2042
3759
2041
2042
2044
3761
4970
4971
4972
2047
2759
2760
2761
2048
3763
2047
2048
2049
3768
4973
4974
4975
2047
2048
2047
2049
2073
2762
2763
2764
2048
2049
2074
3771
2765
2766
2767
3773
2076
3774
4976
4977
4978
2052
3205
3775
3777
4569
4891
4570
5779
5780
3207
4571
4988
5780
5781
2056
4979
2056
2057
2768
2057
2771
4981
2772
2061
2063
4985
2061
2062
2773
2062
2065
2776
4987
2777
2066
2778
2066
2067
4992
2067
2780
4995
4996
2070
2071
3785
2070
2071
4594
3788
4595
5006
5008
5011
5026
5027
5029
2076
2077
2078
2079
3796
5012
5013
5014
2076
2077
2781
2782
2783
2076
2078
3798
2077
2078
2080
3800
5015
5016
5017
2083
2784
2785
2786
2084
3802
2083
2084
2085
3807
5018
5019
5020
2083
2084
2083
2085
2094
2787
2788
2789
2084
2085
2095
3810
2790
2791
2792
3812
2097
3813
5021
5022
5023
2090
2091
2092
4600
5782
5783
5784
2090
2092
4601
2091
2092
2798
2800
2803
4602
5783
5785
5787
5788
5032
5034
5037
5047
5048
5050
5784
5785
5786
5787
2097
2098
2099
2100
3853
5066
5067
5068
2097
2098
2815
2816
2817
2097
2099
3855
2098
2099
2101
3857
5069
5070
5071
2104
2818
2819
2820
2105
3859
2104
2105
2106
3864
5072
5073
5074
2104
2105
2104
2106
2119
2821
2822
2823
2105
2106
2120
3867
2824
2825
2826
3869
2122
3870
5075
5076
5077
2108
2827
5078
5085
2831
4633
5089
2111
2539
2540
2542
5856
2111
2113
5855
2114
2545
2547
2550
5853
2114
2115
2836
2837
2840
2114
5859
2842
2844
2847
5857
2117
2553
2554
2557
3879
2117
3881
5861
3883
2122
2123
2124
2125
3888
5092
5093
5094
2122
2123
2848
2849
2850
2122
2124
3890
2123
2124
2126
3892
5095
5096
5097
2129
2851
2852
2853
2130
3894
2129
2130
2131
3899
5098
5099
5100
2129
2130
2129
2131
2133
2854
2855
2856
2130
2131
2134
3902
2857
2858
2859
3904
2136
3905
5101
5102
5103
2136
2137
2138
2139
3906
5104
5105
5106
2136
2137
2860
2861
2862
2136
2138
3908
2137
2138
2140
3910
5107
5108
5109
2143
2863
2864
2865
2144
3912
2143
2144
2145
3917
5110
5111
5112
2143
2144
2143
2145
2147
2866
2867
2868
2144
2145
2148
3920
2869
2870
2871
3922
2150
3923
5113
5114
5115
2150
2151
2152
2153
3924
5116
5117
5118
2150
2151
2872
2873
2874
2150
2152
3926
2151
2152
2154
3928
5119
5120
5121
2157
2875
2876
2877
2158
3930
2157
2158
2159
3935
5122
5123
5124
2157
2158
2157
2159
2161
2878
2879
2880
2158
2159
2162
3938
2881
2882
2883
3940
2164
3941
5125
5126
5127
2164
2165
2166
2167
3942
5128
5129
5130
2164
2165
2884
2885
2886
2164
2166
3944
2165
2166
2168
3946
5131
5132
5133
2171
2887
2888
2889
2172
3948
2171
2172
2173
3953
5134
5135
5136
2171
2172
2171
2173
2175
2890
2891
2892
2172
2173
2176
3956
2893
2894
2895
3958
2178
3959
5137
5138
5139
2178
2179
2180
2181
3960
5140
5141
5142
2178
2179
2896
2897
2898
2178
2180
3962
2179
2180
2182
3964
5143
5144
5145
2185
2899
2900
2901
2186
3966
2185
2186
2187
3971
5146
5147
5148
2185
2186
2185
2187
2213
2902
2903
2904
2186
2187
2214
3974
2905
2906
2907
3976
2216
3977
5149
5150
5151
2190
2191
2192
3982
5152
5153
5154
2190
2191
3985
5693
2195
3987
5694
3988
5155
5156
5157
2194
2195
3989
5158
5159
5160
2194
2195
2197
3992
5697
2198
3994
5161
5162
5163
3995
5698
2198
2199
2200
4000
5164
5165
5166
2198
2199
4003
5701
4005
5167
5168
5169
2203
4006
5702
2202
2203
4007
5170
5171
5172
2202
2203
2205
4010
5705
2206
4012
5173
5174
5175
4013
5706
2206
2207
2208
4018
5176
5177
5178
2206
2207
4021
5709
4023
5179
5180
5181
2211
4024
5710
2210
2211
4025
5182
5183
5184
2210
2211
2220
4028
5713
2221
4030
5185
5186
5187
4031
5714
2216
2217
2218
4032
5188
5189
5190
2216
2217
2908
2909
2910
2216
2218
4034
4040
2217
2218
4042
5205
5206
5208
4036
5191
5192
5193
2911
2912
2913
5211
5212
5215
4038
4044
2221
2222
4032
5194
5195
5196
2221
2222
4035
4054
4037
5197
5198
5199
4038
4055
4381
5789
5790
4383
5792
5793
2226
4384
4392
5793
5794
4386
4394
5790
5791
4403
5795
5796
4405
5798
5799
2230
4406
4414
5799
5800
4408
4416
5796
5797
4425
5801
5802
4428
5804
5805
2234
4429
4437
5802
5803
4430
4438
5805
5806
2238
2239
2938
4648
4649
4650
2238
2241
2242
2577
2578
2579
2239
2241
2240
2244
2941
4651
4652
4653
2240
2942
2241
2245
2943
2247
2244
2247
2580
2581
2582
2244
2248
2249
4441
4654
4655
4656
2245
4442
4657
4658
4659
2247
2248
4443
2247
2248
2253
2254
4446
2251
2254
2952
4660
4661
4662
2251
2255
2256
2583
2584
2585
2252
2258
2954
4663
4664
4665
2254
2255
2259
2955
2254
2255
2957
2261
2258
2261
2586
2587
2588
2258
2262
2263
4448
4666
4667
4668
2259
4449
4669
4670
4671
2261
2262
4450
2261
2262
2267
2268
4453
2265
2268
2966
4672
4673
4674
2265
2269
2270
2589
2590
2591
2266
2272
2968
4675
4676
4677
2268
2269
2273
2969
2268
2269
2971
2275
2272
2275
2592
2593
2594
2272
2276
2277
4455
4678
4679
4680
2273
4456
4681
4682
4683
2275
2276
4457
2275
2276
2281
2282
4460
2279
2282
2980
4684
4685
4686
2279
2283
2284
2595
2596
2597
2280
2286
2982
4687
4688
4689
2282
2283
2287
2983
2282
2283
2985
2289
2286
2289
2598
2599
2600
2286
2290
2291
4462
4690
4691
4692
2287
4463
4693
4694
4695
2289
2290
4464
2289
2290
2295
2296
4467
2293
2296
2994
4696
4697
4698
2293
2297
2298
2601
2602
2603
2294
2300
2996
4699
4700
4701
2296
2297
2301
2997
2296
2297
2999
2303
2300
2303
2604
2605
2606
2300
2304
2305
4469
4702
4703
4704
2301
4470
4705
4706
4707
2303
2304
4471
2303
2304
2309
2310
4474
2307
2310
3008
4708
4709
4710
2307
2311
2312
2607
2608
2609
2308
2314
3010
4711
4712
4713
2310
2311
2315
3011
2310
2311
3013
2317
2314
2317
2610
2611
2612
2314
2318
2319
4476
4714
4715
4716
2315
4477
4717
4718
4719
2317
2318
4478
2317
2318
2323
2324
4481
2321
2324
3022
4720
4721
4722
2321
2325
2326
2613
2614
2615
2322
2328
3024
4723
4724
4725
2324
2325
2329
3025
2324
2325
3027
2331
2328
2331
2616
2617
2618
2328
2332
2333
4483
4726
4727
4728
2329
4484
4729
4730
4731
2331
2332
4485
2331
2332
2337
2338
4488
2335
2338
3036
4732
4733
4734
2335
2339
2340
2619
2620
2621
2336
2342
3038
4735
4736
4737
2338
2339
2343
3039
2338
2339
3041
2345
2342
2345
2622
2623
2624
2342
2346
2347
4490
4738
4739
4740
2343
4491
4741
4742
4743
2345
2346
4492
2345
2346
2351
2352
4495
2349
2352
3050
4744
4745
4746
2349
2353
2354
2625
2626
2627
2350
2356
3052
4747
4748
4749
2352
2353
2357
3053
2352
2353
3055
2359
2356
2359
2628
2629
2630
2356
2360
2361
4497
4750
4751
4752
2357
4498
4753
4754
4755
2359
2360
4499
2359
2360
2365
2366
4502
2363
2366
3064
4756
4757
4758
2363
2367
2368
2631
2632
2633
2364
2370
3066
4759
4760
4761
2366
2367
2371
3067
2366
2367
3069
2373
2370
2373
2634
2635
2636
2370
2374
2375
4504
4762
4763
4764
2371
4505
4765
4766
4767
2373
2374
4506
2373
2374
2379
2380
4509
2377
2380
3078
4768
4769
4770
2377
2381
2382
2637
2638
2639
2378
2384
3080
4771
4772
4773
2380
2381
2385
3081
2380
2381
3083
2387
2384
2387
2640
2641
2642
2384
2388
2389
4511
4774
4775
4776
2385
4512
4777
4778
4779
2387
2388
4513
2387
2388
2393
2394
4516
2391
2394
3092
4780
4781
4782
2391
2395
2396
2643
2644
2645
2392
2398
3094
4783
4784
4785
2394
2395
2399
3095
2394
2395
3097
2401
2398
2401
2646
2647
2648
2398
2402
2403
4518
4786
4787
4788
2399
4519
4789
4790
4791
2401
2402
4520
2401
2402
2407
2408
4523
2405
2408
3106
4792
4793
4794
2405
2409
2410
2649
2650
2651
2406
2412
3108
4795
4796
4797
2408
2409
2413
3109
2408
2409
3111
2415
2412
2415
2652
2653
2654
2412
2416
2417
4525
4798
4799
4800
2413
4526
4801
4802
4803
2415
2416
4527
2415
2416
2421
2422
4530
2419
2422
3120
4804
4805
4806
2419
2423
2424
2655
2656
2657
2420
2426
3122
4807
4808
4809
2422
2423
2427
3123
2422
2423
3125
2429
2426
2429
2658
2659
2660
2426
2430
2431
4532
4810
4811
4812
2427
4533
4813
4814
4815
2429
2430
4534
2429
2430
2435
2436
4537
2433
2436
3134
4816
4817
4818
2433
2437
2438
2661
2662
2663
2434
2440
3136
4819
4820
4821
2436
2437
2441
3137
2436
2437
3139
2443
2440
2443
2664
2665
2666
2440
2444
2445
4539
4822
4823
4824
2441
4540
4825
4826
4827
2443
2444
4541
2443
2444
2446
2447
4544
2447
3141
4828
4829
4830
2447
5842
3143
5842
2450
2454
2715
2716
2718
2450
2453
2456
4562
4882
4883
4884
2451
2457
2721
2722
2723
2453
2454
2458
2453
2454
4566
2461
4567
2457
2460
2462
2725
2726
2728
2457
2461
4569
4891
4892
4893
2458
2731
2732
2733
2460
2461
2460
2461
2466
4573
2467
4574
2464
2467
2735
2736
2738
2464
2468
2486
4905
4906
4908
2465
4913
4914
4915
2467
2468
2467
2468
2490
2491
4547
5807
5808
2471
4549
5810
5811
4554
5813
2474
2478
4563
4979
4980
4981
2474
2477
2480
2768
2769
2771
2475
2481
4564
4982
4983
4984
2477
2478
2482
4565
2477
2478
2485
4568
2481
2484
2493
4570
4985
4986
4987
2481
2485
2773
2774
2776
2482
4571
4988
4989
4990
2484
2485
4572
2484
2485
2497
2498
4575
2488
2491
4577
4579
4580
2488
2492
2493
2500
2501
2502
4570
2489
2495
4585
4586
4587
2491
2492
2496
2491
2492
4573
2498
4575
2495
2498
2778
2779
2780
2495
2499
4992
4993
4995
2496
5000
5001
5002
2498
2499
2498
2499
2502
5779
2502
2779
4586
4587
2505
2508
2773
2775
2777
2506
2508
2507
5817
5818
5819
2507
2509
5815
5816
5818
5819
2508
2510
2510
2799
2800
2801
4602
5820
5821
5822
5823
4598
4603
2514
2515
2516
4607
2514
2515
5814
2514
2516
2793
5815
5816
4611
2794
4613
4600
5824
5827
2522
4626
5829
5832
2520
2521
4604
4615
4630
4605
4617
5826
5827
5828
4618
4631
5831
5832
5833
2531
5834
2524
4636
4637
4639
3244
2526
2530
2538
2539
2541
2527
2534
2546
2547
2548
2529
2530
2535
2529
2530
2536
2533
2536
2828
2830
2831
4626
4633
4634
5834
2533
2534
2835
2836
2838
4633
4634
5086
5087
5089
2535
4628
2535
2843
2844
2845
2536
4629
4631
2541
2542
2543
2544
5848
2541
2543
2541
2542
2547
2542
2543
5848
2548
2550
5848
5848
2548
2549
2550
2549
2550
2842
2548
2549
2843
2548
2550
2846
2555
2556
2557
5862
2555
2556
2835
5086
2555
2557
5088
2556
2557
2837
5863
5090
2839
5864
5865
2559
5662
5717
5665
5720
2561
5723
5789
5726
5792
2563
5668
5729
5671
5732
2565
5735
5795
5738
5798
2567
5674
5741
5677
5744
2569
5747
5801
5750
5804
2571
5680
5753
5684
5756
2573
2575
2667
4645
4835
2576
2576
4645
4647
2579
2579
2581
4652
4653
2582
2582
4657
4659
2585
2585
2587
4664
4665
2588
2588
4669
4671
2591
2591
2593
4676
4677
2594
2594
4681
4683
2597
2597
2599
4688
4689
2600
2600
4693
4695
2603
2603
2605
4700
4701
2606
2606
4705
4707
2609
2609
2611
4712
4713
2612
2612
4717
4719
2615
2615
2617
4724
4725
2618
2618
4729
4731
2621
2621
2623
4736
4737
2624
2624
4741
4743
2627
2627
2629
4748
4749
2630
2630
4753
4755
2633
2633
2635
4760
4761
2636
2636
4765
4767
2639
2639
2641
4772
4773
2642
2642
4777
4779
2645
2645
2647
4784
4785
2648
2648
4789
4791
2651
2651
2653
4796
4797
2654
2654
4801
4803
2657
2657
2659
4808
4809
2660
2660
4813
4815
2663
2663
2665
4820
4821
2666
2666
4825
4827
2669
4835
2669
2671
2672
4836
2672
2676
4832
2672
4833
2675
2677
2675
2679
4841
2678
4842
2678
4837
2678
4839
2681
4847
2681
2683
2684
4848
2684
2688
4844
2684
4845
2687
2689
2687
2691
4853
2690
4854
2690
4849
2690
4851
2693
4859
2693
2695
2696
4860
2696
2700
4856
2696
4857
2699
2701
2699
2703
4865
2702
4866
2702
4861
2702
4863
2705
4871
2705
2707
2708
4872
2708
2712
4868
2708
4869
2711
2713
2711
2756
4877
2714
4878
2714
4873
2714
4875
2718
3720
2718
2719
2721
2719
4886
2723
3722
2724
4887
2724
2730
4879
2723
2724
2723
2732
4883
4884
4881
2728
2735
3723
2728
2729
2731
2729
2737
4895
2733
3725
2734
4896
2734
4888
2733
2734
2733
4892
4893
4890
2738
2738
2739
4913
2739
2741
4915
2742
4916
2742
2746
4899
2742
4895
4901
2745
2747
5759
2745
2749
4927
2748
4929
2748
4919
2748
5763
4922
2751
4941
2751
2753
5807
2754
4943
2754
2755
4934
2754
5810
4936
4947
5772
2758
4971
2758
2760
2761
4972
2761
2765
4968
2761
4969
2764
2766
2764
2781
4977
2767
4978
2767
4973
2767
4975
2771
2772
2771
2774
4983
2772
2775
4984
2776
2777
2776
4989
2777
4990
2780
4985
2780
5000
5002
2783
5016
2783
2785
2786
5017
2786
2790
5013
2786
5014
2789
2791
2789
2815
5022
2792
5023
2792
5018
2792
5020
2794
2799
5820
2802
5028
2796
2800
5783
5822
2803
5037
5785
2801
2802
2803
2802
2803
2801
2802
2801
2803
2807
2808
5045
2807
2808
5782
5824
2808
5047
5784
5825
5050
5786
2812
2813
5052
2812
2813
5829
2813
2814
5055
5830
5056
2829
5061
2817
5070
2817
2819
2820
5071
2820
2824
5067
2820
5068
2823
2825
2823
2848
5076
2826
5077
2826
5072
2826
5074
2831
2832
2833
2831
2833
2832
2833
2831
2832
2838
2839
2840
2841
2838
2839
2838
2840
2844
2839
2840
2845
2847
2845
2846
2847
2846
2847
2845
2846
2845
2847
2850
5096
2850
2852
2853
5097
2853
2857
5093
2853
5094
2856
2858
2856
2860
5102
2859
5103
2859
5098
2859
5100
2862
5108
2862
2864
2865
5109
2865
2869
5105
2865
5106
2868
2870
2868
2872
5114
2871
5115
2871
5110
2871
5112
2874
5120
2874
2876
2877
5121
2877
2881
5117
2877
5118
2880
2882
2880
2884
5126
2883
5127
2883
5122
2883
5124
2886
5132
2886
2888
2889
5133
2889
2893
5129
2889
5130
2892
2894
2892
2896
5138
2895
5139
2895
5134
2895
5136
2898
5144
2898
2900
2901
5145
2901
2905
5141
2901
5142
2904
2906
2904
2908
5150
2907
5151
2907
5146
2907
5148
2910
5192
2910
2912
2913
5193
2913
2914
5189
2913
5190
2916
5200
5211
2916
5213
5202
5216
2919
2921
4382
4385
4387
5647
5648
5649
2919
2922
2923
2925
2921
2922
2923
2927
2923
2929
2926
2928
4404
4407
4409
5653
5654
5655
2926
2929
2930
2932
2928
2929
2930
2934
2930
2936
2933
2935
2939
2940
2944
4426
4427
4431
5659
5660
5661
2933
2936
2937
2945
4440
4444
4445
2935
2936
2937
2937
2948
2949
2941
2942
3543
3636
2941
2944
3544
4440
2942
2944
3637
2943
3545
4442
2943
3640
2944
4443
4445
2947
2949
2953
2956
2958
2947
2950
2951
2959
4447
4451
4452
2949
2950
2951
2951
2962
2963
2954
2957
3549
4441
2954
2958
3550
4447
2955
3551
4449
2957
2958
4450
2957
2958
4444
4446
4452
2961
2963
2967
2970
2972
2961
2964
2965
2973
4454
4458
4459
2963
2964
2965
2965
2976
2977
2968
2971
3555
4448
2968
2972
3556
4454
2969
3557
4456
2971
2972
4457
2971
2972
4451
4453
4459
2975
2977
2981
2984
2986
2975
2978
2979
2987
4461
4465
4466
2977
2978
2979
2979
2990
2991
2982
2985
3561
4455
2982
2986
3562
4461
2983
3563
4463
2985
2986
4464
2985
2986
4458
4460
4466
2989
2991
2995
2998
3000
2989
2992
2993
3001
4468
4472
4473
2991
2992
2993
2993
3004
3005
2996
2999
3567
4462
2996
3000
3568
4468
2997
3569
4470
2999
3000
4471
2999
3000
4465
4467
4473
3003
3005
3009
3012
3014
3003
3006
3007
3015
4475
4479
4480
3005
3006
3007
3007
3018
3019
3010
3013
3573
4469
3010
3014
3574
4475
3011
3575
4477
3013
3014
4478
3013
3014
4472
4474
4480
3017
3019
3023
3026
3028
3017
3020
3021
3029
4482
4486
4487
3019
3020
3021
3021
3032
3033
3024
3027
3579
4476
3024
3028
3580
4482
3025
3581
4484
3027
3028
4485
3027
3028
4479
4481
4487
3031
3033
3037
3040
3042
3031
3034
3035
3043
4489
4493
4494
3033
3034
3035
3035
3046
3047
3038
3041
3585
4483
3038
3042
3586
4489
3039
3587
4491
3041
3042
4492
3041
3042
4486
4488
4494
3045
3047
3051
3054
3056
3045
3048
3049
3057
4496
4500
4501
3047
3048
3049
3049
3060
3061
3052
3055
3591
4490
3052
3056
3592
4496
3053
3593
4498
3055
3056
4499
3055
3056
4493
4495
4501
3059
3061
3065
3068
3070
3059
3062
3063
3071
4503
4507
4508
3061
3062
3063
3063
3074
3075
3066
3069
3597
4497
3066
3070
3598
4503
3067
3599
4505
3069
3070
4506
3069
3070
4500
4502
4508
3073
3075
3079
3082
3084
3073
3076
3077
3085
4510
4514
4515
3075
3076
3077
3077
3088
3089
3080
3083
3603
4504
3080
3084
3604
4510
3081
3605
4512
3083
3084
4513
3083
3084
4507
4509
4515
3087
3089
3093
3096
3098
3087
3090
3091
3099
4517
4521
4522
3089
3090
3091
3091
3102
3103
3094
3097
3609
4511
3094
3098
3610
4517
3095
3611
4519
3097
3098
4520
3097
3098
4514
4516
4522
3101
3103
3107
3110
3112
3101
3104
3105
3113
4524
4528
4529
3103
3104
3105
3105
3116
3117
3108
3111
3615
4518
3108
3112
3616
4524
3109
3617
4526
3111
3112
4527
3111
3112
4521
4523
4529
3115
3117
3121
3124
3126
3115
3118
3119
3127
4531
4535
4536
3117
3118
3119
3119
3130
3131
3122
3125
3621
4525
3122
3126
3622
4531
3123
3623
4533
3125
3126
4534
3125
3126
4528
4530
4536
3129
3131
3135
3138
3140
3129
3132
5835
3133
4538
4542
4543
5868
3131
3132
3133
3133
5869
5870
3136
3139
3627
4532
3136
3140
3628
4538
3137
3629
4540
3139
3140
4541
3139
3140
4535
4537
4543
3143
3633
4539
3143
4542
5841
5868
4544
5841
3145
3146
3147
3148
3147
3150
3149
3150
3151
3152
3151
3154
3153
3154
3155
3653
3655
3657
3155
3160
3161
3664
3665
3667
3158
3159
3652
3659
4843
3158
3159
3642
3653
3644
3656
4846
3657
3661
3161
3162
3163
3671
3673
3675
3163
3175
3176
3682
3683
3685
3166
3167
3670
3677
4855
3166
3167
3660
3671
3662
3674
4858
3675
3679
3170
3172
3170
3173
5836
3174
5850
3172
3173
3174
4545
4546
4551
3174
5851
4552
4556
4557
5852
3176
3177
3178
3689
3691
3693
3178
3197
3198
3700
3701
3703
3181
3182
3688
3695
4867
3181
3182
3678
3689
3680
3692
4870
3693
3697
3185
3187
3185
3188
3189
3190
3187
3188
3727
3729
3731
3189
3208
3189
3193
3209
3734
3735
3737
3194
3210
3192
3194
3192
3195
5839
3196
5871
3194
3195
3741
3743
3745
3196
3196
3748
3749
3751
5872
5873
3198
3199
3200
3758
3760
3762
3200
3221
3222
3769
3770
3772
3203
3204
3757
3764
4967
3203
3204
3696
3758
3698
3761
4970
3762
3766
3207
4562
4882
3207
4563
4980
4564
4982
3210
3212
3210
3213
3214
3212
3213
3790
3792
3794
3214
3229
3214
3230
3231
3216
3217
3786
3218
4591
3218
3788
4595
4592
4597
3220
4590
5846
4593
5846
3222
3223
3224
3797
3799
3801
3224
3245
3246
3808
3809
3811
3227
3228
3796
3803
5012
3227
3228
3765
3797
3767
3800
5015
3801
3805
3231
3233
3231
3234
3822
3824
3826
3235
3236
3233
3234
3235
3235
3239
3240
3238
3240
3238
3241
3242
3240
3241
3840
3842
3844
3242
3260
3242
3261
3847
3848
3850
3262
3244
3836
3838
3246
3247
3248
3854
3856
3858
3248
3270
3271
3865
3866
3868
3251
3252
3853
3860
5066
3251
3252
3804
3854
3806
3857
5069
3858
3862
3255
3257
3255
3258
3259
4601
4604
4606
4627
4630
4632
3257
3258
3259
3259
3262
3264
3262
3265
3872
3874
3876
3266
3267
3264
3265
3266
3266
3268
3269
3269
3269
3271
3272
3273
3889
3891
3893
3273
3285
3286
3900
3901
3903
3276
3277
3888
3895
5092
3276
3277
3861
3889
3863
3892
5095
3893
3897
3280
3282
3280
3283
3880
3881
3884
3284
3282
3283
3284
3284
3286
3287
3288
3907
3909
3911
3288
3293
3294
3918
3919
3921
3291
3292
3906
3913
5104
3291
3292
3896
3907
3898
3910
5107
3911
3915
3294
3295
3296
3925
3927
3929
3296
3301
3302
3936
3937
3939
3299
3300
3924
3931
5116
3299
3300
3914
3925
3916
3928
5119
3929
3933
3302
3303
3304
3943
3945
3947
3304
3317
3318
3954
3955
3957
3307
3308
3942
3949
5128
3307
3308
3932
3943
3934
3946
5131
3947
3951
3310
3311
3312
3313
3312
3983
3984
3986
3315
3990
3991
3993
3314
3315
3316
3317
3316
4001
4002
4004
3319
4008
4009
4011
3318
3319
3320
3961
3963
3965
3320
4019
4020
4022
3972
3973
3975
4026
4027
4029
3323
3324
3960
3967
5140
3323
3324
3950
3961
3952
3964
5143
3965
3969
3327
3329
3327
3330
3331
3332
3329
3330
3331
4062
4063
4065
3331
3335
3336
4069
4070
4072
3334
3336
3334
3337
3338
3339
3336
3337
3338
4084
4085
4087
3338
3342
3343
4091
4092
4094
3341
3343
3341
3344
3345
3346
3343
3344
3345
4106
4107
4109
3345
3349
3350
4113
4114
4116
3348
3350
3348
3351
3352
3353
3350
3351
3352
4128
4129
4131
3352
3356
3357
4135
4136
4138
3355
3357
3355
3358
3359
3360
3357
3358
3359
4150
4151
4153
3359
3363
3364
4157
4158
4160
3362
3364
3362
3365
3366
3367
3364
3365
3366
4172
4173
4175
3366
3370
3371
4179
4180
4182
3369
3371
3369
3372
3373
3374
3371
3372
3373
4194
4195
4197
3373
3377
3378
4201
4202
4204
3376
3378
3376
3379
3380
3381
3378
3379
3380
4216
4217
4219
3380
3384
3385
4223
4224
4226
3383
3385
3383
3386
3387
3388
3385
3386
3387
4238
4239
4241
3387
3391
3392
4245
4246
4248
3390
3392
3390
3393
3394
3395
3392
3393
3394
4260
4261
4263
3394
3398
3399
4267
4268
4270
3397
3399
3397
3400
3401
3402
3399
3400
3401
4282
4283
4285
3401
3405
3406
4289
4290
4292
3404
3406
3404
3407
3408
3409
3406
3407
3408
4304
4305
4307
3408
3412
3413
4311
4312
4314
3411
3413
3411
3414
3415
3416
3413
3414
3415
4326
4327
4329
3415
3419
3420
4333
4334
4336
3418
3420
3418
3421
3422
3423
3420
3421
3422
4348
4349
4351
3422
3424
3425
4355
4356
4358
3425
3425
4369
5875
5876
3428
3429
3978
3982
5153
3428
3429
3983
3980
3986
3988
5155
3432
3433
3996
4000
5164
3432
3433
3979
4001
3998
4004
3981
4005
5167
3436
3437
4014
4018
5176
3436
3437
3997
4019
4016
4022
3999
4023
5179
3440
3441
4032
5188
5194
3440
3441
3968
4015
4033
3970
4036
5191
4017
4037
5197
3444
3446
3444
3447
3448
3449
3446
3447
3448
4076
4078
3448
3452
3453
4080
4081
3451
3453
3451
3454
3455
3456
3453
3454
3455
4098
4100
3455
3459
3460
4102
4103
3458
3460
3458
3461
3462
3463
3460
3461
3462
4120
4122
3462
3466
3467
4124
4125
3465
3467
3465
3468
3469
3470
3467
3468
3469
4142
4144
3469
3473
3474
4146
4147
3472
3474
3472
3475
3476
3477
3474
3475
3476
4164
4166
3476
3480
3481
4168
4169
3479
3481
3479
3482
3483
3484
3481
3482
3483
4186
4188
3483
3487
3488
4190
4191
3486
3488
3486
3489
3490
3491
3488
3489
3490
4208
4210
3490
3494
3495
4212
4213
3493
3495
3493
3496
3497
3498
3495
3496
3497
4230
4232
3497
3501
3502
4234
4235
3500
3502
3500
3503
3504
3505
3502
3503
3504
4252
4254
3504
3508
3509
4256
4257
3507
3509
3507
3510
3511
3512
3509
3510
3511
4274
4276
3511
3515
3516
4278
4279
3514
3516
3514
3517
3518
3519
3516
3517
3518
4296
4298
3518
3522
3523
4300
4301
3521
3523
3521
3524
3525
3526
3523
3524
3525
4318
4320
3525
3529
3530
4322
4323
3528
3530
3528
3531
3532
3533
3530
3531
3532
4340
4342
3532
3536
3537
4344
4345
3535
3537
3535
3538
3539
3540
3537
3538
3539
4362
4364
3539
3541
3542
4366
4367
3542
3542
4372
5879
3545
4649
3545
3546
5660
3548
4651
3548
4440
3548
3549
4441
4655
4442
4658
3551
4661
3551
3552
3554
4663
3554
4447
3554
3555
4448
4667
4449
4670
3557
4673
3557
3558
3560
4675
3560
4454
3560
3561
4455
4679
4456
4682
3563
4685
3563
3564
3566
4687
3566
4461
3566
3567
4462
4691
4463
4694
3569
4697
3569
3570
3572
4699
3572
4468
3572
3573
4469
4703
4470
4706
3575
4709
3575
3576
3578
4711
3578
4475
3578
3579
4476
4715
4477
4718
3581
4721
3581
3582
3584
4723
3584
4482
3584
3585
4483
4727
4484
4730
3587
4733
3587
3588
3590
4735
3590
4489
3590
3591
4490
4739
4491
4742
3593
4745
3593
3594
3596
4747
3596
4496
3596
3597
4497
4751
4498
4754
3599
4757
3599
3600
3602
4759
3602
4503
3602
3603
4504
4763
4505
4766
3605
4769
3605
3606
3608
4771
3608
4510
3608
3609
4511
4775
4512
4778
3611
4781
3611
3612
3614
4783
3614
4517
3614
3615
4518
4787
4519
4790
3617
4793
3617
3618
3620
4795
3620
4524
3620
3621
4525
4799
4526
4802
3623
4805
3623
3624
3626
4807
3626
4531
3626
3627
4532
4811
4533
4814
3629
4817
3629
3630
3632
4819
3632
4538
3632
3633
4539
4823
4540
4826
4829
3638
3639
3640
3645
3638
3639
4425
5680
5681
5682
5753
5754
5755
3638
3640
3639
3640
3646
4427
5683
5684
5685
5756
5757
5758
3649
4429
3650
3643
3644
3645
4838
3643
3644
3647
4436
3649
4437
3651
4840
3649
3650
3651
3649
3650
3649
3651
3653
3650
3651
3654
3656
3656
3657
3658
3663
3656
3657
3656
3658
3657
3658
3664
3667
3668
3661
3662
3663
4850
3661
3662
3665
3667
3669
4852
3667
3668
3669
3667
3668
3667
3669
3671
3668
3669
3672
3674
3674
3675
3676
3681
3674
3675
3674
3676
3675
3676
3682
3685
3686
3679
3680
3681
4862
3679
3680
3683
3685
3687
4864
3685
3686
3687
3685
3686
3685
3687
3689
3686
3687
3690
3692
3692
3693
3694
3699
3692
3693
3692
3694
3693
3694
3700
3703
3704
3697
3698
3699
4874
3697
3698
3701
3703
3705
4876
3703
3704
3705
3703
3704
3703
3705
3758
3704
3705
3759
3761
3710
3711
3712
3713
3710
3712
3710
3711
3715
3711
3712
3717
3719
3717
3718
3719
3717
3718
3717
3719
4545
3718
3719
4547
5759
5760
5761
5762
5763
5764
4548
3722
3722
4882
4884
3725
3725
3775
4891
4893
3730
3731
3732
3733
4898
4900
4902
3730
3731
3730
3732
3779
4906
4907
4910
3731
3732
3735
3780
4912
4914
4917
3737
3739
3782
3737
3738
3739
4920
4921
4924
3737
3738
3741
3737
3739
3738
3739
3742
3744
4926
4928
4930
3744
3745
3746
3747
4933
4935
4937
3744
3745
3744
3746
3745
3746
3749
4940
4942
4945
3751
3753
3751
3752
3753
4948
4949
4952
3751
3752
3754
3751
3753
3752
3753
3755
3756
4954
4956
4958
3756
5840
5872
3756
5846
4961
4963
4966
5840
3761
3762
3763
3768
3761
3762
3761
3763
3762
3763
3769
3772
3773
3766
3767
3768
4974
3766
3767
3770
3772
3774
4976
3772
3773
3774
3772
3773
3772
3774
3797
3773
3774
3798
3800
3777
3777
5779
5781
3782
3783
3784
3789
3782
3783
4578
4579
4582
3782
3784
3783
3784
3790
3793
4584
4585
4588
3794
3787
3788
3787
3788
3793
3794
3795
3793
3794
3793
3795
3815
4993
4994
4997
3794
3795
3816
4999
5001
5004
3818
5006
5007
5010
3800
3801
3802
3807
3800
3801
3800
3802
3801
3802
3808
3811
3812
3805
3806
3807
5019
3805
3806
3809
3811
3813
5021
3811
3812
3813
3811
3812
3811
3813
3854
3812
3813
3855
3857
3818
3819
3820
3821
3818
3819
3818
3820
3822
3819
3820
3825
4608
4609
4612
3826
3825
3826
3827
3825
3826
3825
3827
3829
3826
3827
3831
5025
5027
5030
3833
5032
5033
5036
3832
3833
3834
3839
3832
3833
3832
3834
3833
3834
3840
3843
4620
4621
4624
3844
3837
3838
3837
3838
3843
3844
3845
3846
5039
5041
5043
3843
3844
3843
3845
3844
3845
3848
5046
5048
5051
3850
3852
5053
5054
5057
3850
3851
3852
3850
3851
3850
3852
3872
3851
3852
3873
3875
5060
5062
5064
3857
3858
3859
3864
3857
3858
3857
3859
3858
3859
3865
3868
3869
3862
3863
3864
5073
3862
3863
3866
3868
3870
5075
3868
3869
3870
3868
3869
3868
3870
3889
3869
3870
3890
3892
3875
3876
3877
3875
3876
3875
3877
3885
5080
5081
5084
3876
3877
3886
3887
3882
3883
3884
3882
3883
5087
5088
5091
3882
3884
3883
3884
3887
4637
4638
4641
3887
3892
3893
3894
3899
3892
3893
3892
3894
3893
3894
3900
3903
3904
3897
3898
3899
5099
3897
3898
3901
3903
3905
5101
3903
3904
3905
3903
3904
3903
3905
3907
3904
3905
3908
3910
3910
3911
3912
3917
3910
3911
3910
3912
3911
3912
3918
3921
3922
3915
3916
3917
5111
3915
3916
3919
3921
3923
5113
3921
3922
3923
3921
3922
3921
3923
3925
3922
3923
3926
3928
3928
3929
3930
3935
3928
3929
3928
3930
3929
3930
3936
3939
3940
3933
3934
3935
5123
3933
3934
3937
3939
3941
5125
3939
3940
3941
3939
3940
3939
3941
3943
3940
3941
3944
3946
3946
3947
3948
3953
3946
3947
3946
3948
3947
3948
3954
3957
3958
3951
3952
3953
5135
3951
3952
3955
3957
3959
5137
3957
3958
3959
3957
3958
3957
3959
3961
3958
3959
3962
3964
3964
3965
3966
3971
3964
3965
3964
3966
3965
3966
3972
3975
3976
3969
3970
3971
5147
3969
3970
3973
3975
3977
5149
3975
3976
3977
3975
3976
3975
3977
4033
3976
3977
4034
4036
3980
3981
3989
5158
3980
3981
3990
3993
3994
5161
3986
3987
3988
3989
3986
3988
3986
3987
3991
3987
3988
3993
3995
3993
3994
3995
3993
3994
4001
3993
3995
3994
3995
4003
4005
3998
3999
4007
5170
3998
3999
4008
4011
4012
5173
4004
4005
4006
4007
4004
4005
4004
4006
4009
4005
4006
4011
4013
4011
4012
4013
4011
4012
4019
4011
4013
4012
4013
4021
4023
4016
4017
4025
5182
4016
4017
4026
4029
4030
5185
4022
4023
4024
4025
4022
4023
4022
4024
4027
4023
4024
4029
4031
4029
4030
4031
4029
4030
4033
4029
4031
4030
4031
4035
4037
4036
4037
4038
4036
4037
4036
4038
4037
4038
4043
4044
4045
4046
4043
4044
4043
4045
4047
4044
4045
5219
5220
5223
4050
4051
5225
5226
5229
4050
4051
4052
4050
4051
4050
4052
4062
4051
4052
4064
5233
5234
5236
5239
5240
5243
4066
4055
4056
4057
4055
4056
5713
4059
5715
4059
4060
4059
4060
4076
4077
4065
4066
4067
4068
4065
4066
4065
4067
4069
4066
4067
5247
5248
5251
4072
4073
5253
5254
5257
4072
4073
4074
4072
4073
4072
4074
4084
4073
4074
4086
5261
5262
5264
5267
5268
5271
4088
4077
4078
4079
4077
4078
4081
4081
4082
4081
4082
4098
4099
4087
4088
4089
4090
4087
4088
4087
4089
4091
4088
4089
5275
5276
5279
4094
4095
5281
5282
5285
4094
4095
4096
4094
4095
4094
4096
4106
4095
4096
4108
5289
5290
5292
5295
5296
5299
4110
4099
4100
4101
4099
4100
4103
4103
4104
4103
4104
4120
4121
4109
4110
4111
4112
4109
4110
4109
4111
4113
4110
4111
5303
5304
5307
4116
4117
5309
5310
5313
4116
4117
4118
4116
4117
4116
4118
4128
4117
4118
4130
5317
5318
5320
5323
5324
5327
4132
4121
4122
4123
4121
4122
4125
4125
4126
4125
4126
4142
4143
4131
4132
4133
4134
4131
4132
4131
4133
4135
4132
4133
5331
5332
5335
4138
4139
5337
5338
5341
4138
4139
4140
4138
4139
4138
4140
4150
4139
4140
4152
5345
5346
5348
5351
5352
5355
4154
4143
4144
4145
4143
4144
4147
4147
4148
4147
4148
4164
4165
4153
4154
4155
4156
4153
4154
4153
4155
4157
4154
4155
5359
5360
5363
4160
4161
5365
5366
5369
4160
4161
4162
4160
4161
4160
4162
4172
4161
4162
4174
5373
5374
5376
5379
5380
5383
4176
4165
4166
4167
4165
4166
4169
4169
4170
4169
4170
4186
4187
4175
4176
4177
4178
4175
4176
4175
4177
4179
4176
4177
5387
5388
5391
4182
4183
5393
5394
5397
4182
4183
4184
4182
4183
4182
4184
4194
4183
4184
4196
5401
5402
5404
5407
5408
5411
4198
4187
4188
4189
4187
4188
4191
4191
4192
4191
4192
4208
4209
4197
4198
4199
4200
4197
4198
4197
4199
4201
4198
4199
5415
5416
5419
4204
4205
5421
5422
5425
4204
4205
4206
4204
4205
4204
4206
4216
4205
4206
4218
5429
5430
5432
5435
5436
5439
4220
4209
4210
4211
4209
4210
4213
4213
4214
4213
4214
4230
4231
4219
4220
4221
4222
4219
4220
4219
4221
4223
4220
4221
5443
5444
5447
4226
4227
5449
5450
5453
4226
4227
4228
4226
4227
4226
4228
4238
4227
4228
4240
5457
5458
5460
5463
5464
5467
4242
4231
4232
4233
4231
4232
4235
4235
4236
4235
4236
4252
4253
4241
4242
4243
4244
4241
4242
4241
4243
4245
4242
4243
5471
5472
5475
4248
4249
5477
5478
5481
4248
4249
4250
4248
4249
4248
4250
4260
4249
4250
4262
5485
5486
5488
5491
5492
5495
4264
4253
4254
4255
4253
4254
4257
4257
4258
4257
4258
4274
4275
4263
4264
4265
4266
4263
4264
4263
4265
4267
4264
4265
5499
5500
5503
4270
4271
5505
5506
5509
4270
4271
4272
4270
4271
4270
4272
4282
4271
4272
4284
5513
5514
5516
5519
5520
5523
4286
4275
4276
4277
4275
4276
4279
4279
4280
4279
4280
4296
4297
4285
4286
4287
4288
4285
4286
4285
4287
4289
4286
4287
5527
5528
5531
4292
4293
5533
5534
5537
4292
4293
4294
4292
4293
4292
4294
4304
4293
4294
4306
5541
5542
5544
5547
5548
5551
4308
4297
4298
4299
4297
4298
4301
4301
4302
4301
4302
4318
4319
4307
4308
4309
4310
4307
4308
4307
4309
4311
4308
4309
5555
5556
5559
4314
4315
5561
5562
5565
4314
4315
4316
4314
4315
4314
4316
4326
4315
4316
4328
5569
5570
5572
5575
5576
5579
4330
4319
4320
4321
4319
4320
4323
4323
4324
4323
4324
4340
4341
4329
4330
4331
4332
4329
4330
4329
4331
4333
4330
4331
5583
5584
5587
4336
4337
5589
5590
5593
4336
4337
4338
4336
4337
4336
4338
4348
4337
4338
4350
5597
5598
5600
5603
5604
5607
4352
4341
4342
4343
4341
4342
4345
4345
4346
4345
4346
4362
4363
4351
4352
4353
4354
4351
4352
4351
4353
4355
4352
4353
5611
5612
5615
4358
4359
5617
5618
5621
4358
4359
4360
4358
4359
4358
4360
4369
4359
4360
4370
5625
5626
5628
5631
5632
5635
4371
4363
4364
4365
4363
4364
4367
4367
4368
4367
4368
4372
4373
4371
5876
4371
5639
5640
5643
5877
5874
4373
5879
5878
4376
4380
5662
5663
5664
5717
5718
5719
4376
4379
4382
4377
4383
5665
5666
5667
5720
5721
5722
4379
4380
4384
4379
4380
4387
4383
4386
4396
5723
5724
5725
5789
5790
5791
4383
4387
4384
5726
5727
5728
5792
5793
5794
4386
4387
4386
4387
4400
4401
4390
4391
4392
4390
4391
4395
4394
4395
4394
4395
4411
4412
4398
4401
5668
5669
5670
5729
5730
5731
4398
4402
4404
4399
4405
5671
5672
5673
5732
5733
5734
4401
4402
4406
4401
4402
4409
4405
4408
4418
5735
5736
5737
5795
5796
5797
4405
4409
4406
5738
5739
5740
5798
5799
5800
4408
4409
4408
4409
4422
4423
4412
4413
4414
4412
4413
4417
4416
4417
4416
4417
4433
4434
4420
4423
5674
5675
5676
5741
5742
5743
4420
4424
4426
4421
4428
5677
5678
5679
5744
5745
5746
4423
4424
4430
4423
4424
4431
4428
4429
5747
5748
5749
5801
5802
5803
4428
4431
4429
4431
4430
5750
5751
5752
5804
5805
5806
4430
4431
4434
4435
4438
4434
4435
4439
4437
4439
4438
4439
4442
4445
4442
4446
4443
4445
4446
4445
4446
4449
4452
4449
4453
4450
4452
4453
4452
4453
4456
4459
4456
4460
4457
4459
4460
4459
4460
4463
4466
4463
4467
4464
4466
4467
4466
4467
4470
4473
4470
4474
4471
4473
4474
4473
4474
4477
4480
4477
4481
4478
4480
4481
4480
4481
4484
4487
4484
4488
4485
4487
4488
4487
4488
4491
4494
4491
4495
4492
4494
4495
4494
4495
4498
4501
4498
4502
4499
4501
4502
4501
4502
4505
4508
4505
4509
4506
4508
4509
4508
4509
4512
4515
4512
4516
4513
4515
4516
4515
4516
4519
4522
4519
4523
4520
4522
4523
4522
4523
4526
4529
4526
4530
4527
4529
4530
4529
4530
4533
4536
4533
4537
4534
4536
4537
4536
4537
4540
4543
4540
4544
4541
4543
4544
4543
4544
4548
4551
4549
4551
4552
4548
4549
5807
5808
5809
4550
4550
4554
5810
5811
5812
4551
4555
4557
4554
4557
4554
4558
4559
5765
5769
5771
4555
5773
5776
5778
5813
4557
4558
4557
4558
4560
4561
4561
5687
5690
5692
4561
5838
5852
5838
4564
4567
4569
4564
4568
4565
4571
4567
4568
4572
4567
4568
4574
4571
4574
4571
4575
5779
5780
5781
4572
4574
4575
4574
4575
4580
4581
4582
4583
4580
4581
4905
4581
4582
4907
4580
4582
4585
4587
4909
4588
4587
4588
4589
4588
4589
4999
4587
4588
4587
4589
5000
5003
4591
4593
4592
4593
4595
4596
4597
4597
4599
4602
4605
5782
5783
5788
5822
5823
5824
5827
5828
4602
4606
4603
4605
4606
4605
4606
4611
4612
4613
4612
4613
5025
4611
4612
5007
4611
4613
5008
5026
5009
5028
4617
4617
4618
4618
4623
4624
4625
4624
4625
5046
4623
4624
5033
4623
4625
5034
5047
5035
5049
4628
4631
5829
5832
5833
4628
4632
4629
4631
4632
4631
4632
4634
4639
4640
4641
4639
4640
5079
4639
4641
4640
4641
5081
5082
4644
4648
4644
4646
4647
4647
4647
5757
4650
4650
4651
4653
4653
4653
4657
4656
4660
4656
4658
4659
4659
4659
4662
4662
4663
4665
4665
4665
4669
4668
4672
4668
4670
4671
4671
4671
4674
4674
4675
4677
4677
4677
4681
4680
4684
4680
4682
4683
4683
4683
4686
4686
4687
4689
4689
4689
4693
4692
4696
4692
4694
4695
4695
4695
4698
4698
4699
4701
4701
4701
4705
4704
4708
4704
4706
4707
4707
4707
4710
4710
4711
4713
4713
4713
4717
4716
4720
4716
4718
4719
4719
4719
4722
4722
4723
4725
4725
4725
4729
4728
4732
4728
4730
4731
4731
4731
4734
4734
4735
4737
4737
4737
4741
4740
4744
4740
4742
4743
4743
4743
4746
4746
4747
4749
4749
4749
4753
4752
4756
4752
4754
4755
4755
4755
4758
4758
4759
4761
4761
4761
4765
4764
4768
4764
4766
4767
4767
4767
4770
4770
4771
4773
4773
4773
4777
4776
4780
4776
4778
4779
4779
4779
4782
4782
4783
4785
4785
4785
4789
4788
4792
4788
4790
4791
4791
4791
4794
4794
4795
4797
4797
4797
4801
4800
4804
4800
4802
4803
4803
4803
4806
4806
4807
4809
4809
4809
4813
4812
4816
4812
4814
4815
4815
4815
4818
4818
4819
4821
4821
4821
4825
4824
4828
4824
4826
4827
4827
4827
4830
4830
5880
5881
4833
4834
4833
4837
4836
4836
5683
4836
4839
4839
4840
4842
4842
4842
4847
4845
4846
4845
4849
4848
4848
4848
4851
4851
4852
4854
4854
4854
4859
4857
4858
4857
4861
4860
4860
4860
4863
4863
4864
4866
4866
4866
4871
4869
4870
4869
4873
4872
4872
4872
4875
4875
4876
4878
4878
4878
4971
4881
4888
4881
4885
4887
4884
4884
4892
4887
4887
4890
4890
4894
4896
4893
4893
4896
5762
4896
4901
4902
4903
4911
4901
4902
4912
4901
4903
4919
4902
4903
4921
4916
4917
4923
4908
4909
4910
4911
4908
4909
4908
4910
4914
4909
4910
4915
4917
4915
4916
4917
4916
4917
4915
4916
4915
4917
4922
4923
4924
4925
4922
4923
4922
4924
4926
4923
4924
4929
4930
4929
4930
4931
4929
4930
4929
4931
4941
4930
4931
4942
4944
4936
4937
4938
4939
4936
4937
4940
4936
4938
4947
4937
4938
4949
4943
4945
4951
4943
4944
4945
4943
4945
4943
4944
4944
4945
4950
4951
4952
4953
4950
4951
4950
4952
4954
4951
4952
4957
4958
4957
4958
4959
4957
4958
4957
4959
4962
4958
4959
4963
4965
4964
4965
4966
5882
4964
4966
5883
4964
4965
4965
4966
5884
5885
4969
4970
4969
4973
4972
4972
4972
4975
4975
4976
4978
4978
4978
5016
4981
4981
4982
4984
4984
4984
4989
4987
4987
4988
5780
4990
4990
4990
4995
4996
4997
4998
5005
4995
4996
4995
4997
5001
4996
4997
5007
5002
5009
5004
5010
5002
5003
5004
5003
5004
5002
5003
5002
5004
5009
5010
5011
5010
5011
5009
5010
5009
5011
5014
5015
5014
5018
5017
5017
5017
5020
5020
5021
5023
5023
5023
5070
5028
5029
5030
5028
5030
5028
5029
5029
5030
5035
5036
5037
5036
5037
5035
5036
5035
5037
5042
5043
5044
5045
5052
5042
5043
5046
5042
5044
5043
5044
5053
5049
5051
5057
5058
5049
5050
5051
5049
5051
5049
5050
5050
5051
5056
5057
5058
5057
5058
5060
5056
5057
5056
5058
5061
5063
5063
5064
5065
5063
5064
5063
5065
5064
5065
5068
5069
5068
5072
5071
5071
5071
5074
5074
5075
5077
5077
5077
5096
5082
5083
5084
5082
5083
5083
5084
5082
5084
5089
5090
5091
5089
5090
5089
5091
5090
5091
5094
5095
5094
5098
5097
5097
5097
5100
5100
5101
5103
5103
5103
5108
5106
5107
5106
5110
5109
5109
5109
5112
5112
5113
5115
5115
5115
5120
5118
5119
5118
5122
5121
5121
5121
5124
5124
5125
5127
5127
5127
5132
5130
5131
5130
5134
5133
5133
5133
5136
5136
5137
5139
5139
5139
5144
5142
5143
5142
5146
5145
5145
5145
5148
5148
5149
5151
5151
5151
5192
5154
5159
5154
5155
5157
5157
5157
5160
5161
5160
5163
5163
5163
5168
5166
5167
5166
5171
5169
5169
5169
5172
5173
5172
5175
5175
5175
5180
5178
5179
5178
5183
5181
5181
5181
5184
5185
5184
5187
5187
5187
5198
5190
5191
5190
5200
5193
5193
5193
5196
5197
5196
5201
5199
5199
5199
5202
5202
5207
5208
5209
5210
5207
5209
5218
5207
5208
5212
5208
5209
5219
5214
5215
5222
5214
5215
5216
5215
5216
5214
5215
5214
5216
5221
5222
5223
5224
5221
5222
5222
5223
5221
5223
5226
5228
5229
5228
5229
5230
5229
5230
5239
5228
5229
5228
5230
5241
5244
5235
5236
5237
5238
5235
5237
5246
5235
5236
5240
5236
5237
5247
5242
5243
5250
5242
5243
5244
5243
5244
5242
5243
5242
5244
5249
5250
5251
5252
5249
5250
5250
5251
5249
5251
5254
5256
5257
5256
5257
5258
5257
5258
5267
5256
5257
5256
5258
5269
5272
5263
5264
5265
5266
5263
5265
5274
5263
5264
5268
5264
5265
5275
5270
5271
5278
5270
5271
5272
5271
5272
5270
5271
5270
5272
5277
5278
5279
5280
5277
5278
5278
5279
5277
5279
5282
5284
5285
5284
5285
5286
5285
5286
5295
5284
5285
5284
5286
5297
5300
5291
5292
5293
5294
5291
5293
5302
5291
5292
5296
5292
5293
5303
5298
5299
5306
5298
5299
5300
5299
5300
5298
5299
5298
5300
5305
5306
5307
5308
5305
5306
5306
5307
5305
5307
5310
5312
5313
5312
5313
5314
5313
5314
5323
5312
5313
5312
5314
5325
5328
5319
5320
5321
5322
5319
5321
5330
5319
5320
5324
5320
5321
5331
5326
5327
5334
5326
5327
5328
5327
5328
5326
5327
5326
5328
5333
5334
5335
5336
5333
5334
5334
5335
5333
5335
5338
5340
5341
5340
5341
5342
5341
5342
5351
5340
5341
5340
5342
5353
5356
5347
5348
5349
5350
5347
5349
5358
5347
5348
5352
5348
5349
5359
5354
5355
5362
5354
5355
5356
5355
5356
5354
5355
5354
5356
5361
5362
5363
5364
5361
5362
5362
5363
5361
5363
5366
5368
5369
5368
5369
5370
5369
5370
5379
5368
5369
5368
5370
5381
5384
5375
5376
5377
5378
5375
5377
5386
5375
5376
5380
5376
5377
5387
5382
5383
5390
5382
5383
5384
5383
5384
5382
5383
5382
5384
5389
5390
5391
5392
5389
5390
5390
5391
5389
5391
5394
5396
5397
5396
5397
5398
5397
5398
5407
5396
5397
5396
5398
5409
5412
5403
5404
5405
5406
5403
5405
5414
5403
5404
5408
5404
5405
5415
5410
5411
5418
5410
5411
5412
5411
5412
5410
5411
5410
5412
5417
5418
5419
5420
5417
5418
5418
5419
5417
5419
5422
5424
5425
5424
5425
5426
5425
5426
5435
5424
5425
5424
5426
5437
5440
5431
5432
5433
5434
5431
5433
5442
5431
5432
5436
5432
5433
5443
5438
5439
5446
5438
5439
5440
5439
5440
5438
5439
5438
5440
5445
5446
5447
5448
5445
5446
5446
5447
5445
5447
5450
5452
5453
5452
5453
5454
5453
5454
5463
5452
5453
5452
5454
5465
5468
5459
5460
5461
5462
5459
5461
5470
5459
5460
5464
5460
5461
5471
5466
5467
5474
5466
5467
5468
5467
5468
5466
5467
5466
5468
5473
5474
5475
5476
5473
5474
5474
5475
5473
5475
5478
5480
5481
5480
5481
5482
5481
5482
5491
5480
5481
5480
5482
5493
5496
5487
5488
5489
5490
5487
5489
5498
5487
5488
5492
5488
5489
5499
5494
5495
5502
5494
5495
5496
5495
5496
5494
5495
5494
5496
5501
5502
5503
5504
5501
5502
5502
5503
5501
5503
5506
5508
5509
5508
5509
5510
5509
5510
5519
5508
5509
5508
5510
5521
5524
5515
5516
5517
5518
5515
5517
5526
5515
5516
5520
5516
5517
5527
5522
5523
5530
5522
5523
5524
5523
5524
5522
5523
5522
5524
5529
5530
5531
5532
5529
5530
5530
5531
5529
5531
5534
5536
5537
5536
5537
5538
5537
5538
5547
5536
5537
5536
5538
5549
5552
5543
5544
5545
5546
5543
5545
5554
5543
5544
5548
5544
5545
5555
5550
5551
5558
5550
5551
5552
5551
5552
5550
5551
5550
5552
5557
5558
5559
5560
5557
5558
5558
5559
5557
5559
5562
5564
5565
5564
5565
5566
5565
5566
5575
5564
5565
5564
5566
5577
5580
5571
5572
5573
5574
5571
5573
5582
5571
5572
5576
5572
5573
5583
5578
5579
5586
5578
5579
5580
5579
5580
5578
5579
5578
5580
5585
5586
5587
5588
5585
5586
5586
5587
5585
5587
5590
5592
5593
5592
5593
5594
5593
5594
5603
5592
5593
5592
5594
5605
5608
5599
5600
5601
5602
5599
5601
5610
5599
5600
5604
5600
5601
5611
5606
5607
5614
5606
5607
5608
5607
5608
5606
5607
5606
5608
5613
5614
5615
5616
5613
5614
5614
5615
5613
5615
5618
5620
5621
5620
5621
5622
5621
5622
5631
5620
5621
5620
5622
5633
5636
5627
5628
5629
5630
5627
5629
5638
5627
5628
5632
5628
5629
5639
5634
5635
5642
5634
5635
5636
5635
5636
5634
5635
5634
5636
5641
5642
5643
5886
5641
5642
5642
5643
5641
5643
5887
5888
5889
5646
5647
5646
5649
5649
5649
5651
5652
5653
5652
5655
5655
5655
5657
5658
5659
5658
5661
5661
5661
5664
5665
5664
5667
5667
5667
5793
5670
5671
5670
5790
5673
5673
5673
5799
5676
5677
5676
5796
5679
5679
5679
5805
5682
5684
5682
5802
5685
5685
5685
5688
5691
5766
5688
5692
5890
5689
5891
5691
5692
5892
5691
5692
5769
5770
5893
5694
5696
5695
5698
5696
5699
5698
5700
5701
5699
5700
5704
5702
5704
5703
5706
5704
5707
5706
5708
5709
5707
5708
5712
5710
5712
5711
5714
5712
5716
5714
5715
5716
5716
5719
5720
5719
5722
5722
5722
5727
5725
5726
5725
5730
5728
5728
5728
5731
5732
5731
5734
5734
5734
5739
5737
5738
5737
5742
5740
5740
5740
5743
5744
5743
5746
5746
5746
5751
5749
5750
5749
5754
5752
5752
5752
5755
5756
5755
5758
5758
5758
5761
5763
5761
5808
5764
5764
5764
5767
5771
5773
5767
5770
5768
5774
5770
5771
5775
5770
5771
5778
5774
5777
5774
5778
5775
5777
5778
5777
5778
5781
5781
5786
5788
5785
5788
5785
5786
5787
5787
5788
5791
5792
5791
5794
5794
5794
5797
5798
5797
5800
5800
5800
5803
5804
5803
5806
5806
5806
5809
5810
5809
5812
5812
5812
5813
5816
5817
5816
5819
5820
5818
5818
5819
5821
5821
5823
5825
5828
5826
5828
5828
5830
5833
5831
5833
5833
5834
5868
5869
5850
5851
5843
5844
5850
5851
5840
5871
5872
5845
5842
5870
5845
5845
5852
5847
5856
5874
5878
5886
5889
5852
5852
5855
5856
5857
5855
5856
5859
5859
5859
5860
5861
5864
5865
5864
5865
5867
5881
5870
5870
5873
5873
5876
5877
5876
5877
5887
5889
5879
5881
5884
5885
5884
5885
5888
5889
5888
5889
5891
5893
5892
5893
)


// ************************************************************************* //
